0	5E-8	5E-8	5E-8	5E-8	5E-8
1	5.3650492603E-8	5.2169614495E-8	5.2238650215E-8	5.4693869513E-8	5.4734265531E-8
2	5.7975722404E-8	5.4437473783E-8	5.4578472905E-8	6.0758971342E-8	6.0203060348E-8
3	6.2718891696E-8	5.6803918919E-8	5.7023098652E-8	6.7659217252E-8	6.6264902967E-8
4	6.7890672929E-8	5.9273235519E-8	5.9577221692E-8	7.5443828847E-8	7.2974988402E-8
5	7.3517245593E-8	6.1849895495E-8	6.224574652E-8	8.4196627333E-8	8.0372041204E-8
6	7.9543825664E-8	6.453856516E-8	6.5033797312E-8	9.378542751E-8	8.8523502842E-8
7	8.6112074673E-8	6.7344113673E-8	6.7946727756E-8	1.0459631952E-7	9.7509880192E-8
8	9.3253611752E-8	7.0271621861E-8	7.099013134E-8	1.1674114493E-7	1.0742375987E-7
9	1.0100874806E-7	7.3326391419E-8	7.4169852091E-8	1.3035839272E-7	1.1834758557E-7
10	1.0923230838E-7	7.6513954511E-8	7.7491995793E-8	1.4502775482E-7	1.303829394E-7
11	1.1822363668E-7	7.9840083791E-8	8.0962941717E-8	1.616531985E-7	1.4364671453E-7
12	1.2800156848E-7	8.3310802851E-8	8.4589354867E-8	1.8033384315E-7	1.5827205498E-7
13	1.3861282427E-7	8.6932397139E-8	8.8378198779E-8	2.0125461811E-7	1.743864307E-7
14	1.4931559203E-7	9.0711425334E-8	9.2336748893E-8	2.214113197E-7	1.9213995967E-7
15	1.6171785518E-7	9.4654731225E-8	9.6472606525E-8	2.4717970471E-7	2.1170466158E-7
16	1.751387526E-7	9.8769456112E-8	1.0079371346E-7	2.7590570488E-7	2.3327486248E-7
17	1.8795386588E-7	1.0305528898E-7	1.053083672E-7	3.018070124E-7	2.5704067629E-7
18	2.036924495E-7	1.0753519354E-7	1.1002523692E-7	3.3741231901E-7	2.8322432785E-7
19	2.2067616578E-7	1.1220984351E-7	1.1495338006E-7	3.7632319649E-7	3.1207708016E-7
20	2.3912890914E-7	1.1708770465E-7	1.2010225978E-7	4.1962391638E-7	3.4388626977E-7
21	2.5662625917E-7	1.2216840827E-7	1.2548176311E-7	4.5901711451E-7	3.7893182598E-7
22	2.7828498028E-7	1.2747917702E-7	1.311022199E-7	5.1356945949E-7	4.1753803839E-7
23	3.0173476284E-7	1.330208096E-7	1.3697442271E-7	5.7244846216E-7	4.6007863264E-7
24	3.272153798E-7	1.3880334183E-7	1.4310964751E-7	6.3794155257E-7	5.0697967565E-7
25	3.5115812288E-7	1.4482633666E-7	1.4951967532E-7	6.978298406E-7	5.5864583972E-7
26	3.8098315823E-7	1.511220656E-7	1.5621681484E-7	7.791740377E-7	6.1554288535E-7
27	4.133407292E-7	1.5769147544E-7	1.632139261E-7	8.6804660068E-7	6.7823803386E-7
28	4.4850265486E-7	1.6454646333E-7	1.7052444515E-7	9.6686382514E-7	7.473672048E-7
29	4.8132013376E-7	1.7168651114E-7	1.7816240984E-7	1.0576304776E-6	8.2347279065E-7
30	5.2238716155E-7	1.791498756E-7	1.861424868E-7	1.1789964159E-6	9.0640311862E-7
31	5.6701706303E-7	1.8693767912E-7	1.9447999959E-7	1.3128870418E-6	9.9835543374E-7
32	6.1520575916E-7	1.9506402533E-7	2.0319095812E-7	1.4616636736E-6	1.0965285795E-6
33	6.6022110472E-7	2.0352830001E-7	2.1229208941E-7	1.5988808444E-6	1.2082523613E-6
