0	5E-8	5E-8	5E-8	5E-8	5E-8
1	5.110534332E-8	5.5437966378E-8	5.336082429E-8	5.1701051849E-8	5.3268646762E-8
2	5.2247919189E-8	6.1469623094E-8	5.6949226689E-8	5.3459975245E-8	5.6753841264E-8
3	5.3466277469E-8	6.8169392036E-8	6.0787417795E-8	5.527873904E-8	6.0472016762E-8
4	5.4706699159E-8	7.5596813386E-8	6.488251906E-8	5.7159379064E-8	6.4433785095E-8
5	5.5978998225E-8	8.3834855862E-8	6.925439971E-8	5.9104000413E-8	6.865510502E-8
6	5.7283115854E-8	9.2971688772E-8	7.3921541079E-8	6.1114779796E-8	7.3152980823E-8
7	5.8617362794E-8	1.0310417906E-7	7.8903127128E-8	6.3193967979E-8	7.7945530804E-8
8	5.9981243404E-8	1.1434014705E-7	8.4219946117E-8	6.53438923E-8	8.3052060271E-8
9	6.1378749195E-8	1.2680172311E-7	8.9895686116E-8	6.7566959276E-8	8.8493139301E-8
10	6.2735641003E-8	1.4059260039E-7	9.5938158223E-8	6.9865657296E-8	9.4278217428E-8
11	6.4122529437E-8	1.5588336498E-7	1.0238678407E-7	7.2242559406E-8	1.0044148577E-7
12	6.5656630427E-8	1.7290365025E-7	1.0930254078E-7	7.4700326191E-8	1.0702181695E-7
13	6.7108092783E-8	1.9170854472E-7	1.1664947345E-7	7.724170875E-8	1.140181711E-7
14	6.8591642424E-8	2.1255864792E-7	1.2449024112E-7	7.9869551779E-8	1.2147189697E-7
15	7.0107988698E-8	2.356763955E-7	1.3285803764E-7	8.2586796753E-8	1.2941290117E-7
16	7.1795485953E-8	2.6141987864E-7	1.4183625005E-7	8.5396485219E-8	1.3789126788E-7
17	7.3382659167E-8	2.8985174356E-7	1.5136998433E-7	8.83017622E-8	1.4690565102E-7
18	7.5004919808E-8	3.2137584059E-7	1.6154454272E-7	9.1305879717E-8	1.5650933009E-7
19	7.6663043548E-8	3.56328479E-7	1.7240299918E-7	9.4412200427E-8	1.6674083322E-7
20	7.8357823208E-8	3.9508254481E-7	1.8399132291E-7	9.7624201388E-8	1.7764120693E-7
21	8.0090069135E-8	4.3805147895E-7	1.9635857304E-7	1.0094547795E-7	1.8925417801E-7
22	8.2030253539E-8	4.8592249149E-7	2.0962799209E-7	1.0437974779E-7	2.0165299069E-7
23	8.3843685393E-8	5.3877112225E-7	2.2371844903E-7	1.0793085505E-7	2.1483567313E-7
24	8.5697206541E-8	5.9736753753E-7	2.3875601696E-7	1.1160277466E-7	2.2888014344E-7
25	8.7591703234E-8	6.6233686282E-7	2.5480435736E-7	1.1539961678E-7	2.4384274817E-7
26	8.9528081312E-8	7.3437221191E-7	2.7193141079E-7	1.1932563141E-7	2.5978350826E-7
27	9.1507266641E-8	8.1424208116E-7	2.9020968457E-7	1.2338521313E-7	2.7676636804E-7
28	9.3530205555E-8	9.0279854818E-7	3.0971655968E-7	1.2758290603E-7	2.9485945244E-7
29	9.5597865309E-8	1.000986362E-6	3.3053461837E-7	1.3192340879E-7	3.1413534045E-7
30	9.7711234541E-8	1.1098530219E-6	3.5275199379E-7	1.3641157996E-7	3.3467135496E-7
31	9.9871323743E-8	1.2305599527E-6	3.7646274312E-7	1.4105244337E-7	3.5654987576E-7
32	1.0207916575E-7	1.3643948948E-6	4.0176724567E-7	1.4585119376E-7	3.7985866615E-7
33	1.0433581622E-7	1.5127856429E-6	4.2877262796E-7	1.5081320261E-7	4.0469122725E-7
34	1.0664235416E-7	1.6773152772E-6	4.5759321712E-7	1.5594402415E-7	4.3114717204E-7
35	1.0899988243E-7	1.8597390531E-6	4.88351025E-7	1.6124940157E-7	4.5933262545E-7
36	1.1140952826E-7	2.0620031265E-6	5.2117626461E-7	1.6673527342E-7	4.8936065028E-7
37	1.1387244381E-7	2.2862653158E-6	5.5620790146E-7	1.7240778032E-7	5.2135170104E-7
38	1.163898067E-7	2.5349181227E-6	5.9359424181E-7	1.7827327179E-7	5.5543410737E-7
39	1.189628206E-7	2.8106142555E-6	6.3349356054E-7	1.8433831336E-7	5.9174458828E-7
40	1.2159271577E-7	3.1162949298E-6	6.7607477124E-7	1.9060969393E-7	6.304288001E-7
41	1.2428074967E-7	3.4552212459E-6	7.2151814126E-7	1.9709443338E-7	6.7164192152E-7
42	1.2702820759E-7	3.8310089791E-6	7.7001605487E-7	2.0379979038E-7	7.1554927472E-7
43	1.2983640319E-7	4.2476671546E-6	8.2177382775E-7	2.1073327059E-7	7.6232699007E-7
44	1.3270667919E-7	4.7096408164E-6	8.770105762E-7	2.1790263498E-7	8.1216271225E-7
45	1.3564040799E-7	5.2218584489E-6	9.359601447E-7	2.2531590858E-7	8.6525635326E-7
46	1.3863899235E-7	5.7897845553E-6	9.9887209598E-7	2.3298138943E-7	9.2182089282E-7
47	1.4170386601E-7	6.4194779548E-6	1.0660127675E-6	2.409076579E-7	9.8208323444E-7
48	1.4483649441E-7	7.1176564202E-6	1.1376663988E-6	2.4910358624E-7	1.0462851151E-6
49	1.4803837542E-7	7.8917683449E-6	1.2141363354E-6	2.5757834855E-7	1.1146840755E-6
50	1.5131103997E-7	8.7500722053E-6	1.2957463123E-6	2.6634143107E-7	1.1875544909E-6
51	1.5465605288E-7	9.7017246641E-6	1.3828418249E-6	2.7540264275E-7	1.2651886745E-6
52	1.5807501354E-7	1.0756878257E-5	1.4757915916E-6	2.8477212624E-7	1.3478980488E-6
53	1.615695567E-7	1.1926789704E-5	1.5749891148E-6	2.9446036927E-7	1.4360143955E-6
54	1.6514135326E-7	1.3223939999E-5	1.6808543467E-6	3.0447821638E-7	1.5298911843E-6
55	1.6879211104E-7	1.4662167559E-5	1.7938354672E-6	3.1483688104E-7	1.6299049935E-6
56	1.7252357563E-7	1.6256815861E-5	1.9144107813E-6	3.2554795821E-7	1.7364570192E-6
57	1.763375312E-7	1.8024897128E-5	2.043090744E-6	3.3662343733E-7	1.8499746859E-6
58	1.8023580138E-7	1.9985273822E-5	2.1804201212E-6	3.4807571574E-7	1.9709133581E-6
59	1.8422025008E-7	2.2158859876E-5	2.3269802961E-6	3.5991761254E-7	2.0997581701E-6
60	1.8829278245E-7	2.4568843806E-5	2.4833917304E-6	3.7216238294E-7	2.2370259709E-6
61	1.9245534574E-7	2.7240936099E-5	2.6503165911E-6	3.8482373313E-7	2.3832673984E-6
62	1.9670993025E-7	3.02036435E-5	2.8284615536E-6	3.9791583558E-7	2.5390690854E-6
63	2.0105857027E-7	3.3488573126E-5	3.0185807937E-6	4.1145334494E-7	2.7050560154E-6
64	2.0550334509E-7	3.7130769668E-5	3.22147918E-6	4.254514144E-7	2.8818940297E-6
65	2.1004637994E-7	4.1169089254E-5	3.4380156818E-6	4.3992571269E-7	3.0702924982E-6
66	2.1468984704E-7	4.5646613979E-5	3.669107005E-6	4.5489244163E-7	3.2710071622E-6
67	2.1943596662E-7	5.0611111521E-5	3.9157314735E-6	4.7036835421E-7	3.4848431695E-6
68	2.2428700802E-7	5.6115544742E-5	4.1789331702E-6	4.8637077338E-7	3.7126583027E-6
69	2.2924529072E-7	6.221863671E-5	4.4598263581E-6	5.0291761144E-7	3.9553664219E-6
70	2.3431318548E-7	6.8985497177E-5	4.7596001966E-6	5.2002739009E-7	4.2139411256E-6
71	2.3949311549E-7	7.6488317189E-5	5.0795237763E-6	5.3771926116E-7	4.4894196613E-6
72	2.4478755749E-7	8.4807139247E-5	5.4209514916E-6	5.5601302802E-7	4.7829070844E-6
73	2.5019904297E-7	9.4030711223E-5	5.7853287742E-6	5.749291678E-7	5.0955806926E-6
74	2.557301594E-7	1.0425743315E-4	6.1741982127E-6	5.9448885427E-7	5.4286947438E-6
75	2.6138355144E-7	1.1559640698E-4	6.5892060831E-6	6.1471398156E-7	5.7835854918E-6
76	2.671619222E-7	1.2816860054E-4	7.0321093178E-6	6.3562718866E-7	6.1616765458E-6
77	2.7306803458E-7	1.4210813801E-4	7.504782944E-6	6.5725188474E-7	6.5644845823E-6
78	2.7910471254E-7	1.5756373086E-4	8.0092280215E-6	6.7961227541E-7	6.9936254232E-6
79	2.8527484245E-7	1.7470026429E-4	8.5475801138E-6	7.0273338976E-7	7.4508205232E-6
80	2.9158137452E-7	1.9370055633E-4	9.1221183292E-6	7.2664110839E-7	7.9379038739E-6
81	2.9802732415E-7	2.1476730816E-4	9.7352749693E-6	7.513621924E-7	8.4568293623E-6
82	3.0461577343E-7	2.381252666E-4	1.0389645825E-5	7.7692431332E-7	9.0096786015E-6
83	3.1134987256E-7	2.6402362177E-4	1.1088001169E-5	8.0335608411E-7	9.5986692875E-6
84	3.1823284138E-7	2.9273866553E-4	1.1833297477E-5	8.3068709114E-7	1.0226164094E-5
85	3.2526797093E-7	3.2457673903E-4	1.2628689949E-5	8.5894792738E-7	1.0894680149E-5
86	3.3245862497E-7	3.5987750082E-4	1.3477545867E-5	8.8817022656E-7	1.160689913E-5
87	3.3980824164E-7	3.9901755045E-4	1.4383458844E-5	9.1838669867E-7	1.236567802E-5
88	3.4732033508E-7	4.4241444605E-4	1.535026404E-5	9.4963116649E-7	1.317406057E-5
89	3.5499849711E-7	4.9053115894E-4	1.6382054396E-5	9.8193860351E-7	1.4035289511E-5
90	3.6284639896E-7	5.4388101259E-4	1.7483197957E-5	1.015345173E-6	1.4952819544E-5
91	3.7086779299E-7	6.0303315868E-4	1.8658356358E-5	1.0498882687E-6	1.5930331207E-5
92	3.7906651454E-7	6.6861864853E-4	1.9912504545E-5	1.0856065563E-6	1.6971745625E-5
93	3.8744648369E-7	7.4133716427E-4	2.125095181E-5	1.122540017E-6	1.8081240217E-5
94	3.960117072E-7	8.2196448037E-4	2.2679364192E-5	1.1607299924E-6	1.9263265384E-5
95	4.0476628038E-7	9.1136072988E-4	2.4203788198E-5	1.2002192304E-6	2.0522562153E-5
