0	5E-8	5E-8	5E-8	5E-8	5E-8
1	5.2948702314E-8	5.7290822153E-8	5.7906291755E-8	5.5696254084E-8	5.7885626941E-8
2	5.6216305193E-8	6.5668699412E-8	6.7069114719E-8	6.2483633381E-8	6.7977974354E-8
3	5.9691281046E-8	7.5271708808E-8	7.7681820278E-8	7.0162434007E-8	7.998428111E-8
4	6.3382835673E-8	8.6279006552E-8	8.997383113E-8	7.8824298183E-8	9.4210267141E-8
5	6.7303603175E-8	9.889594762E-8	1.0421087275E-7	8.8581089932E-8	1.1103396949E-7
6	7.1467482866E-8	1.1335791691E-7	1.2070071779E-7	9.9560546098E-8	1.3090342369E-7
7	7.5889402666E-8	1.2993472063E-7	1.3979983941E-7	1.1190556712E-7	1.5434209166E-7
8	8.0585244481E-8	1.489356199E-7	1.6192111742E-7	1.257743248E-7	1.8195626101E-7
9	8.5571902968E-8	1.7071510038E-7	1.8754276384E-7	1.4134071013E-7	2.1444344757E-7
10	9.0867345629E-8	1.9567948566E-7	2.1721866072E-7	1.5879560052E-7	2.5260357186E-7
11	9.6490669767E-8	2.2429451771E-7	2.5159033385E-7	1.7835060903E-7	2.9650974049E-7
12	1.0246213468E-7	2.5709404594E-7	2.9140082106E-7	2.0037288063E-7	3.4776571087E-7
13	1.0880326749E-7	2.9468998677E-7	3.3751073508E-7	2.2517520574E-7	4.0754557916E-7
14	1.1553693538E-7	3.3778373973E-7	3.9091686797E-7	2.5311710615E-7	4.7726193696E-7
15	1.2268742998E-7	3.8717927296E-7	4.5277373956E-7	2.846032539E-7	5.5854670806E-7
16	1.3028054292E-7	4.4379812222E-7	5.2441855552E-7	3.2009150212E-7	6.5330427989E-7
17	1.3834366179E-7	5.086965833E-7	6.0740011477E-7	3.6004515666E-7	7.6375191685E-7
18	1.4690587869E-7	5.8308541857E-7	7.0351229096E-7	4.0500772495E-7	8.9259224313E-7
19	1.5599807758E-7	6.6835244526E-7	8.14832812E-7	4.5564484137E-7	1.0429312478E-6
20	1.6565305572E-7	7.6608842692E-7	9.437681758E-7	5.1265778147E-7	1.2182754739E-6
21	1.7590563982E-7	8.7811675112E-7	1.0931056734E-6	5.7689106738E-7	1.4228237027E-6
22	1.8679281444E-7	1.0065274471E-6	1.2660736437E-6	6.4924888682E-7	1.6613555023E-6
23	1.983538564E-7	1.1537161777E-6	1.4664112631E-6	7.308060128E-7	1.9395525901E-6
24	2.1063047178E-7	1.3224289337E-6	1.6984493778E-6	8.2272800662E-7	2.2639219399E-6
25	2.2366694729E-7	1.5158132637E-6	1.9672041272E-6	9.2638645899E-7	2.642157385E-6
26	2.3751032499E-7	1.7374769952E-6	2.2784853811E-6	1.0432841297E-6	3.0831095805E-6
27	2.5221052467E-7	1.9915555438E-6	2.6390223363E-6	1.1751758309E-6	3.5972021613E-6
28	2.6782058577E-7	2.2827890641E-6	3.0566089862E-6	1.3240000185E-6	4.1964652274E-6
29	2.8439682038E-7	2.6166108833E-6	3.5402726099E-6	1.4920070507E-6	4.8950254537E-6
30	3.0199902699E-7	2.9992488668E-6	4.1004689208E-6	1.681699222E-6	5.7092256846E-6
31	3.2069070675E-7	3.4378416071E-6	4.7493080963E-6	1.8959686811E-6	6.6582152882E-6
32	3.4053929019E-7	3.9405716025E-6	5.5008165715E-6	2.1380485241E-6	7.764186459E-6
33	3.6161638098E-7	4.5168179127E-6	6.3712402599E-6	2.4116633787E-6	9.0531004415E-6
34	3.8399804767E-7	5.1773311362E-6	7.3793957524E-6	2.7207112771E-6	1.0555082006E-5
35	4.0776497238E-7	5.9344339767E-6	8.5470770902E-6	3.0695359188E-6	1.230595605E-5
36	4.3300292334E-7	6.802251138E-6	9.8995269019E-6	3.4632608279E-6	1.4347651735E-5
37	4.5980294634E-7	7.7969728389E-6	1.1465982092E-5	3.9076610207E-6	1.6728612359E-5
38	4.8826172287E-7	8.9371568611E-6	1.3280305878E-5	4.4092541307E-6	1.9505386511E-5
39	5.1848191916E-7	1.0244074768E-5	1.5381719832E-5	4.9753957906E-6	2.2743966741E-5
40	5.5057255533E-7	1.1742108753E-5	1.7815651769E-5	5.6143874748E-6	2.6521368407E-5
41	5.846493989E-7	1.3459206517E-5	2.0634717787E-5	6.3355982014E-6	3.092747202E-5
