0	5E-8	5E-8	5E-8	5E-8	5E-8
1	5.9127226202E-8	5.2134079496E-8	5.4582727877E-8	5.6883651503E-8	6.3823912834E-8
2	7.0257559416E-8	5.4616961921E-8	5.9585483649E-8	6.595528311E-8	8.2443145294E-8
3	8.3610348574E-8	5.7261719997E-8	6.5046764788E-8	7.6800207723E-8	1.0668801152E-7
4	9.9541035919E-8	6.0117399503E-8	7.1008597233E-8	8.9585247398E-8	1.3818070351E-7
5	1.1856805549E-7	6.3126230008E-8	7.7516858793E-8	1.0465315769E-7	1.7907172427E-7
6	1.4127770952E-7	6.6353714221E-8	8.4621632185E-8	1.2237030715E-7	2.3214198135E-7
7	1.6837906239E-7	6.9755488061E-8	9.237759044E-8	1.4317662769E-7	3.0100489281E-7
8	2.0073697222E-7	7.3391053942E-8	1.0084441762E-7	1.6760133101E-7	3.9032143539E-7
9	2.3934521551E-7	7.7227881497E-8	1.1008726809E-7	1.9619865861E-7	5.0554886639E-7
10	2.8544604957E-7	8.1315015274E-8	1.2017726793E-7	2.2975439521E-7	6.5344363637E-7
11	3.4045236816E-7	8.5632048793E-8	1.3119206224E-7	2.6926049793E-7	8.441997896E-7
12	4.0612674725E-7	9.0217397393E-8	1.4321641265E-7	3.1580769514E-7	1.0900256556E-6
13	4.8449114001E-7	9.5061877166E-8	1.5634284958E-7	3.7061037302E-7	1.4067389555E-6
14	5.7803854377E-7	1.0019573161E-7	1.7067238426E-7	4.3518403066E-7	1.8146378764E-6
15	6.8966596877E-7	1.0561901788E-7	1.8631528611E-7	5.1123031167E-7	2.3382007899E-6
16	8.2290297155E-7	1.1135692834E-7	2.033919312E-7	6.0082959033E-7	3.0113256812E-6
17	9.8189456918E-7	1.1741664436E-7	2.2203372862E-7	7.0636262067E-7	3.8763875167E-6
18	1.1716474433E-6	1.2382102941E-7	2.4238413173E-7	8.3069479858E-7	4.9780191944E-6
19	1.3980822999E-6	1.3058269816E-7	2.6459974202E-7	9.771466299E-7	6.3895231719E-6
20	1.6683124539E-6	1.3772412082E-7	2.8885151421E-7	1.1496763353E-6	8.1903224726E-6
21	1.9907840969E-6	1.4526222525E-7	3.1532607182E-7	1.3529045224E-6	1.050155041E-5
22	2.3756139152E-6	1.5322035651E-7	3.4422714325E-7	1.5923094788E-6	1.3451348562E-5
23	2.8348414517E-6	1.6161912855E-7	3.7577712954E-7	1.8743123405E-6	1.7234803661E-5
24	3.3828374728E-6	1.7048360026E-7	4.1021881577E-7	2.2065036387E-6	2.2063225827E-5
25	4.0368025885E-6	1.7983780124E-7	4.4781723941E-7	2.5977999205E-6	2.8253210146E-5
26	4.8168384577E-6	1.8970910613E-7	4.8886172976E-7	3.0587246946E-6	3.6151859383E-5
27	5.7474251134E-6	2.0012492992E-7	5.336681345E-7	3.6016547333E-6	4.6249160781E-5
28	6.8585540626E-6	2.1111544951E-7	5.8258125012E-7	4.2411844972E-6	5.9203842886E-5
29	8.1844981174E-6	2.2271159609E-7	6.3597747527E-7	4.9944899814E-6	7.5727723735E-5
30	9.7662816801E-6	2.3494679045E-7	6.9426770721E-7	5.8818154479E-6	9.6844659453E-5
31	1.1653121973E-5	2.4785572386E-7	7.579005037E-7	6.9269944954E-6	1.238286859E-4
32	1.3904508446E-5	2.6147549797E-7	8.2736553478E-7	8.1581102979E-6	1.5831484863E-4
33	1.6590866716E-5	2.7584489446E-7	9.0319735082E-7	9.6082322695E-6	2.0238407163E-4
34	1.9796238873E-5	2.9100515192E-7	9.8597949593E-7	1.1316320396E-5	2.586970382E-4
35	2.3620894968E-5	3.0699954541E-7	1.0763489984E-6	1.3328257456E-5	3.3064890502E-4
36	2.8184485811E-5	3.2387394121E-7	1.1750012724E-6	1.5698094377E-5	4.225791659E-4
37	3.362977138E-5	3.4167657785E-7	1.2826954693E-6	1.8489490634E-5	5.4002618493E-4
38	4.012710018E-5	3.604584857E-7	1.4002603185E-6	2.1777434722E-5	6.9006685475E-4
39	4.7879726011E-5	3.8027340325E-7	1.5286005039E-6	2.5650249117E-5	8.8173425733E-4
40	5.713017763E-5	4.0117811639E-7	1.668703623E-6	3.0211971375E-5	1.1265684066E-3
41	6.8167835449E-5	4.2323246897E-7	1.8216477805E-6	3.5585141096E-5	1.4393003154E-3
42	8.1337993785E-5	4.4649965713E-7	1.9886098681E-6	4.1914098685E-5	1.8387461864E-3
43	9.7052653938E-5	4.7104630896E-7	2.1708745506E-6	4.9368856289E-5	2.3489261483E-3
