0	5E-8	5E-8	5E-8	5E-8	5E-8
1	5.1969557514E-8	5.6428698107E-8	5.1701051849E-8	5.3321583799E-8	5.3042620533E-8
2	5.4648862425E-8	6.3683959401E-8	5.3459975245E-8	5.6880037308E-8	5.6809702997E-8
3	5.7496378879E-8	7.1872058386E-8	5.527873904E-8	6.0660100643E-8	6.0941255749E-8
4	6.0479246242E-8	8.1112933699E-8	5.7159379064E-8	6.4689852794E-8	6.5443540145E-8
5	6.3889871605E-8	9.1541944966E-8	5.9104000413E-8	6.9006975754E-8	7.0340612743E-8
6	6.7425292352E-8	1.0331185553E-7	6.1114779796E-8	7.359211083E-8	7.5664832281E-8
7	7.1184140962E-8	1.1659507013E-7	6.3193967979E-8	7.8480958091E-8	8.1453700549E-8
8	7.5185398503E-8	1.3158616026E-7	6.53438923E-8	8.3694579669E-8	8.7749906547E-8
9	7.9442371878E-8	1.4850471425E-7	6.7566959276E-8	8.9254550866E-8	9.4600796509E-8
10	8.3999067426E-8	1.6759855376E-7	6.9865657296E-8	9.5183880267E-8	1.0205836069E-7
11	8.8858579165E-8	1.8914736386E-7	7.2242559406E-8	1.0150710496E-7	1.1017934342E-7
12	9.4043235566E-8	2.1346678986E-7	7.4700326191E-8	1.0825039206E-7	1.190253578E-7
13	9.9568541871E-8	2.4091306081E-7	7.724170875E-8	1.1544164703E-7	1.286631211E-7
14	1.0600329435E-7	2.7188820757E-7	7.9869551779E-8	1.2314572678E-7	1.3916468628E-7
15	1.1260647609E-7	3.0684595167E-7	8.2586796753E-8	1.3132650379E-7	1.5060773509E-7
16	1.1985178412E-7	3.4629835144E-7	8.5396485219E-8	1.4009067066E-7	1.6307545072E-7
17	1.2732501266E-7	3.9082330256E-7	8.83017622E-8	1.4939712869E-7	1.7665784008E-7
18	1.3529520227E-7	4.4107300306E-7	9.1305879717E-8	1.5932183033E-7	1.914518182E-7
19	1.4379291844E-7	4.9778350664E-7	9.4412200427E-8	1.6990584653E-7	2.0756214709E-7
20	1.5357907066E-7	5.6178550436E-7	9.7624201388E-8	1.8124463305E-7	2.2510197382E-7
21	1.6327335456E-7	6.3401649251E-7	1.0094547795E-7	1.9328501777E-7	2.4419368242E-7
22	1.7358441897E-7	7.15534505E-7	1.0437974779E-7	2.0612526543E-7	2.6496965592E-7
23	1.8456123265E-7	8.0753361132E-7	1.0793085505E-7	2.1981851226E-7	2.8757371134E-7
24	1.9733378562E-7	9.1136140726E-7	1.1160277466E-7	2.3448825572E-7	3.1216194289E-7
25	2.1007434865E-7	1.0285387543E-6	1.1539961678E-7	2.5006570352E-7	3.3890389133E-7
26	2.2364124938E-7	1.1607820571E-6	1.1932563141E-7	2.6667798729E-7	3.6798369347E-7
27	2.3810037429E-7	1.3100284053E-6	1.2338521313E-7	2.843938529E-7	3.9960162771E-7
28	2.5471569767E-7	1.4784639478E-6	1.2758290603E-7	3.0337307725E-7	4.3397542587E-7
29	2.7130101584E-7	1.6685559153E-6	1.3192340879E-7	3.2352665918E-7	4.7134180556E-7
30	2.8895290267E-7	1.8830887603E-6	1.3641157996E-7	3.4501907733E-7	5.1195808339E-7
31	3.0775398155E-7	2.1252049431E-6	1.4105244336E-7	3.6793927282E-7	5.5610405411E-7
32	3.2932263102E-7	2.3984509628E-6	1.4585119376E-7	3.9249395968E-7	6.040838746E-7
33	3.5082255323E-7	2.7068293058E-6	1.5081320261E-7	4.1856799115E-7	6.5622816433E-7
34	3.7370263812E-7	3.0548570741E-6	1.5594402415E-7	4.4637416423E-7	7.128962659E-7
35	3.9806784737E-7	3.4476321515E-6	1.6124940156E-7	4.7602754796E-7	7.7447876722E-7
36	4.2603708567E-7	3.8909078768E-6	1.6673527342E-7	5.0779558206E-7	8.4140016664E-7
37	4.5388029686E-7	4.3911773182E-6	1.7240778032E-7	5.4152929348E-7	9.1412179756E-7
38	4.8351201904E-7	4.9557683837E-6	1.7827327179E-7	5.7750399187E-7	9.9314499633E-7
39	5.1506570235E-7	5.5929511592E-6	1.8433831336E-7	6.1586854973E-7	1.0790145803E-6
40	5.5130848405E-7	6.3120590486E-6	1.9060969393E-7	6.5696897163E-7	1.1723225884E-6
41	5.8734926938E-7	7.1236254883E-6	1.9709443338E-7	7.0061252121E-7	1.2737123611E-6
42	6.2570885758E-7	8.0395382402E-6	2.0379979038E-7	7.4715538488E-7	1.3838829683E-6
43	6.6655669598E-7	9.0732135231E-6	2.1073327059E-7	7.9679016895E-7	1.503594041E-6
44	7.1350067948E-7	1.0239792532E-5	2.1790263498E-7	8.4996452253E-7	1.6336710001E-6
45	7.6003033164E-7	1.1556363226E-5	2.2531590858E-7	9.0642908978E-7	1.7750107461E-6
46	8.0966160511E-7	1.3042210629E-5	2.3298138943E-7	9.6664469277E-7	1.9285878389E-6
47	8.625078374E-7	1.4719099319E-5	2.409076579E-7	1.0308605191E-6	2.0954612243E-6
48	9.2328640842E-7	1.661159223E-5	2.4910358623E-7	1.0996557222E-6	2.2767815298E-6
49	9.8362572876E-7	1.8747410451E-5	2.5757834855E-7	1.1727076939E-6	2.4737989978E-6
50	1.0478459939E-6	2.1157839281E-5	2.6634143107E-7	1.2506126303E-6	2.6878721036E-6
51	1.1162547692E-6	2.3878186493E-5	2.7540264275E-7	1.333692922E-6	2.920476926E-6
52	1.1949422615E-6	2.6948299521E-5	2.8477212624E-7	1.4226978585E-6	3.1732173221E-6
53	1.272965151E-6	3.041314914E-5	2.9446036927E-7	1.5172100598E-6	3.4478359854E-6
54	1.3560445379E-6	3.4323488196E-5	3.0447821638E-7	1.6180008648E-6	3.7462264604E-6
55	1.4445157757E-6	3.8736595031E-5	3.1483688104E-7	1.7254873714E-6	4.0704462014E-6
56	1.5463679835E-6	4.3717112487E-5	3.2554795821E-7	1.8406389854E-6	4.4227307563E-6
57	1.6472894022E-6	4.9337994793E-5	3.3662343733E-7	1.9629157146E-6	4.8055091816E-6
58	1.754758544E-6	5.5681576192E-5	3.4807571574E-7	2.0933154911E-6	5.2214207892E-6
59	1.8692810946E-6	6.2840776965E-5	3.5991761253E-7	2.2323779426E-6	5.6733333465E-6
60	2.0011049605E-6	7.0920464522E-5	3.7216238294E-7	2.3813572537E-6	6.1643628487E-6
61	2.1317459239E-6	8.0038989489E-5	3.8482373312E-7	2.5395548002E-6	6.6978950037E-6
62	2.2707737858E-6	9.0329919296E-5	3.9791583558E-7	2.7082616735E-6	7.2776085761E-6
63	2.4189496461E-6	1.0194399467E-4	4.1145334493E-7	2.8881760257E-6	7.9075007538E-6
64	2.5895560889E-6	1.1505133766E-4	4.2545141439E-7	3.0809204786E-6	8.5919147074E-6
65	2.7585523565E-6	1.2984394358E-4	4.3992571269E-7	3.2855911756E-6	9.3355695373E-6
66	2.9383964626E-6	1.4653849335E-4	4.5489244162E-7	3.5038584872E-6	1.0143592812E-5
67	3.1301000138E-6	1.6537952737E-4	4.703683542E-7	3.7366256588E-6	1.1021555921E-5
68	3.3508808065E-6	1.8664302759E-4	4.8637077336E-7	3.9859919842E-6	1.1975512494E-5
69	3.569285042E-6	2.1064046003E-4	5.0291761143E-7	4.2507880829E-6	1.3012040136E-5
70	3.8020953651E-6	2.377233371E-4	5.2002739008E-7	4.5331750242E-6	1.4138285783E-5
