0	5E-8	5E-8	5E-8	5E-8	5E-8
1	5.1435959144E-8	5.3666276406E-8	5.3378853917E-8	5.1701035838E-8	5.2129045725E-8
2	5.2913157861E-8	5.7849190542E-8	5.7238337516E-8	5.350844964E-8	5.4369918837E-8
3	5.4455848426E-8	6.2408502027E-8	6.1400908707E-8	5.5379048728E-8	5.6707120439E-8
4	5.6050967276E-8	6.7340747296E-8	6.5870548354E-8	5.731504199E-8	5.9144791408E-8
5	5.7719143934E-8	7.2696474561E-8	7.0658669422E-8	5.931871554E-8	6.1687250624E-8
6	5.9420630732E-8	7.8438650693E-8	7.5781349796E-8	6.1392435408E-8	6.4339002624E-8
7	6.1159890104E-8	8.4596344434E-8	8.1258016036E-8	6.353865034E-8	6.7104745579E-8
8	6.2948732723E-8	9.1215854638E-8	8.7111093443E-8	6.5759894688E-8	6.9989379623E-8
9	6.4822035834E-8	9.8392829793E-8	9.3365789612E-8	6.8058791401E-8	7.2998015532E-8
10	6.6683671735E-8	1.0598372317E-7	1.0004219128E-7	7.0438055123E-8	7.6135983777E-8
11	6.8664165224E-8	1.1427382466E-7	1.071849725E-7	7.2900495401E-8	7.9408843973E-8
12	7.0686517027E-8	1.2314664301E-7	1.148175038E-7	7.544902E-8	8.2822394725E-8
13	7.2797557762E-8	1.3272826163E-7	1.2296636809E-7	7.8086638337E-8	8.6382683901E-8
14	7.4888244135E-8	1.4285263384E-7	1.3168117527E-7	8.0816465034E-8	9.0096019353E-8
15	7.7118328798E-8	1.5391543145E-7	1.4099385077E-7	8.3641723601E-8	9.3968980086E-8
16	7.9393913023E-8	1.6575107653E-7	1.5095471496E-7	8.6565750233E-8	9.8008427916E-8
17	8.1768895967E-8	1.7857598194E-7	1.6159449418E-7	8.959199776E-8	1.0222151963E-7
18	8.4117231842E-8	1.9210624646E-7	1.7296773831E-7	9.2724039715E-8	1.0661571967E-7
19	8.6628088458E-8	2.0691394355E-7	1.8512224284E-7	9.596557456E-8	1.1119881333E-7
20	8.9188203889E-8	2.2269608316E-7	1.9811386906E-7	9.9320430053E-8	1.1597892061E-7
21	9.1860588751E-8	2.3984967993E-7	2.119953111E-7	1.0279256776E-7	1.2096451052E-7
22	9.4498749795E-8	2.5792205957E-7	2.2682885872E-7	1.0638608775E-7	1.2616441616E-7
23	9.7326294353E-8	2.776639663E-7	2.4268121606E-7	1.1010523342E-7	1.3158785032E-7
24	1.0020458934E-7	2.9869245168E-7	2.596168284E-7	1.1395439651E-7	1.3724442184E-7
25	1.032135902E-7	3.2154641762E-7	2.7771590879E-7	1.1793812228E-7	1.4314415259E-7
26	1.0617780017E-7	3.4566405293E-7	2.9704952701E-7	1.2206111492E-7	1.4929749528E-7
27	1.0936302644E-7	3.719659837E-7	3.1771236507E-7	1.2632824304E-7	1.5571535192E-7
28	1.1260428296E-7	3.9998956093E-7	3.3977885955E-7	1.3074454547E-7	1.6240909319E-7
29	1.1599440785E-7	4.3042836018E-7	3.6336396402E-7	1.3531523718E-7	1.6939057854E-7
30	1.1932567245E-7	4.6259094775E-7	3.8854953213E-7	1.4004571547E-7	1.7667217726E-7
31	1.2291573594E-7	4.9763033431E-7	4.1546879685E-7	1.449415663E-7	1.842667903E-7
32	1.2657592355E-7	5.3499430113E-7	4.4420883538E-7	1.5000857092E-7	1.9218787325E-7
33	1.3039612811E-7	5.7552302903E-7	4.7492822947E-7	1.5525271269E-7	2.0044946006E-7
34	1.3414099835E-7	6.1839315159E-7	5.077247087E-7	1.6068018413E-7	2.0906618799E-7
35	1.3818758154E-7	6.6505259489E-7	5.4277942789E-7	1.6629739427E-7	2.1805332351E-7
36	1.4232085014E-7	7.1484500223E-7	5.8019819618E-7	1.7211097616E-7	2.2742678933E-7
37	1.4662586733E-7	7.6878891593E-7	6.2019386458E-7	1.7812779476E-7	2.3720319265E-7
38	1.5083684242E-7	8.2590687888E-7	6.628872163E-7	1.84354955E-7	2.4739985456E-7
39	1.5539803814E-7	8.8801743031E-7	7.0851916063E-7	1.9079981022E-7	2.5803484073E-7
40	1.6006489108E-7	9.5434337233E-7	7.5722253018E-7	1.9746997078E-7	2.6912699342E-7
41	1.6491628668E-7	1.0261213143E-6	8.0927787686E-7	2.0437331315E-7	2.8069596486E-7
42	1.6965254766E-7	1.1021939002E-6	8.6483873276E-7	2.1151798909E-7	2.9276225208E-7
43	1.747936568E-7	1.1848467637E-6	9.2422076514E-7	2.1891243539E-7	3.053472332E-7
44	1.8006175424E-7	1.2731627241E-6	9.8759499874E-7	2.2656538374E-7	3.1847320535E-7
45	1.8552877902E-7	1.3686464186E-6	1.0553267222E-6	2.3448587112E-7	3.3216342411E-7
46	1.9085701393E-7	1.4699305405E-6	1.1276152048E-6	2.426832504E-7	3.4644214478E-7
47	1.9665145188E-7	1.5798911183E-6	1.2048699691E-6	2.5116720144E-7	3.6133466532E-7
48	2.0259656886E-7	1.6974491352E-6	1.2873151651E-6	2.5994774247E-7	3.7686737114E-7
49	2.0875712417E-7	1.8244404617E-6	1.3754225062E-6	2.6903524198E-7	3.9306778193E-7
50	2.1475245816E-7	1.9592528829E-6	1.4694542983E-6	2.7844043091E-7	4.0996460034E-7
51	2.2128278425E-7	2.1055107789E-6	1.5699382975E-6	2.8817441534E-7	4.2758776286E-7
52	2.2798992092E-7	2.2619484804E-6	1.6771716404E-6	2.9824868963E-7	4.4596849288E-7
53	2.3493165159E-7	2.4308134488E-6	1.7917601562E-6	3.0867514994E-7	4.6513935597E-7
54	2.4167869661E-7	2.6102079695E-6	1.9140521315E-6	3.1946610833E-7	4.8513431761E-7
55	2.4903778009E-7	2.8047075763E-6	2.0447247452E-6	3.3063430727E-7	5.0598880336E-7
56	2.5660242192E-7	3.0128319714E-6	2.1841744353E-6	3.4219293469E-7	5.277397616E-7
57	2.6442395159E-7	3.2373428306E-6	2.3331765795E-6	3.5415563957E-7	5.5042572904E-7
58	2.7201799136E-7	3.476009933E-6	2.4921957826E-6	3.6653654801E-7	5.7408689894E-7
59	2.8031032857E-7	3.7346208723E-6	2.6620986177E-6	3.7935027999E-7	5.9876519235E-7
60	2.888398594E-7	4.0114494928E-6	2.8434155888E-6	3.9261196655E-7	6.2450433241E-7
61	2.9765218497E-7	4.3099032823E-6	3.0371370433E-6	4.0633726771E-7	6.5134992177E-7
62	3.0620051242E-7	4.6273652736E-6	3.2438839159E-6	4.2054239096E-7	6.793495234E-7
63	3.1554371206E-7	4.9711714089E-6	3.4647634791E-6	4.3524411037E-7	7.0855274486E-7
64	3.2515899054E-7	5.3393152661E-6	3.7004861212E-6	4.5045978642E-7	7.3901132619E-7
65	3.3508705448E-7	5.736019532E-6	3.952315473E-6	4.6620738649E-7	7.707792316E-7
66	3.4471048078E-7	6.1582181993E-6	4.2210814635E-6	4.8250550608E-7	8.0391274505E-7
67	3.5523693642E-7	6.6152297668E-6	4.5081980018E-6	4.9937339079E-7	8.3847056996E-7
68	3.6607405353E-7	7.1047302995E-6	4.8146156315E-6	5.1683095899E-7	8.7451393326E-7
69	3.772585153E-7	7.6319764623E-6	5.1419462312E-6	5.348988254E-7	9.1210669385E-7
70	3.8809307146E-7	8.1933820931E-6	5.4912979212E-6	5.5359832541E-7	9.5131545572E-7
71	3.9995184388E-7	8.800809796E-6	5.8644760914E-6	5.7295154026E-7	9.9220968594E-7
72	4.1216408513E-7	9.4515787912E-6	6.2627505888E-6	5.9298132313E-7	1.0348618378E-6
73	4.2476331594E-7	1.0152263181E-5	6.6881780257E-6	6.1371132613E-7	1.0793474792E-6
74	4.3696217111E-7	1.0898676087E-5	7.1422354948E-6	6.3516602822E-7	1.1257454264E-6
75	4.5032110598E-7	1.1705951553E-5	7.6272291584E-6	6.5737076412E-7	1.1741378836E-6
76	4.6408114693E-7	1.2571011895E-5	8.1448519536E-6	6.8035175422E-7	1.224610589E-6
77	4.7827315207E-7	1.3502022648E-5	8.697729547E-6	7.0413613554E-7	1.2772529664E-6
78	4.9200876594E-7	1.4494287586E-5	9.2878269465E-6	7.2875199381E-7	1.3321582833E-6
79	5.0705646023E-7	1.5566939988E-5	9.9180919953E-6	7.5422839657E-7	1.3894238169E-6
80	5.2255965017E-7	1.6716887446E-5	1.0590776671E-5	7.8059542756E-7	1.449151026E-6
81	5.3854525721E-7	1.7953844396E-5	1.1309235982E-5	8.0788422221E-7	1.5114457305E-6
82	5.540118366E-7	1.9272796345E-5	1.2076078596E-5	8.361270044E-7	1.5764182996E-6
83	5.7096116093E-7	2.0697941454E-5	1.2895075799E-5	8.6535712453E-7	1.6441838466E-6
84	5.8842649032E-7	2.222645744E-5	1.3769216534E-5	8.956090989E-7	1.7148624334E-6
85	6.0643191316E-7	2.3869819554E-5	1.4702792018E-5	9.2691865046E-7	1.788579283E-6
86	6.2384814173E-7	2.5622846659E-5	1.5699258172E-5	9.5932275099E-7	1.8654650012E-6
87	6.4293892396E-7	2.7516228038E-5	1.6763444543E-5	9.9285966477E-7	1.9456558083E-6
88	6.6261225352E-7	2.954735102E-5	1.7899309519E-5	1.0275689938E-6	2.0292937801E-6
89	6.8289220599E-7	3.1730522098E-5	1.9112347841E-5	1.0634917244E-6	2.1165271002E-6
90	7.0250431153E-7	3.4060253693E-5	2.0407128515E-5	1.1006702758E-6	2.2075103219E-6
91	7.2400659801E-7	3.6575572208E-5	2.1789842983E-5	1.1391485503E-6	2.3024046421E-6
92	7.4616581455E-7	3.9274177836E-5	2.3265722538E-5	1.1789719848E-6	2.4013781875E-6
93	7.6900713732E-7	4.2174317956E-5	2.4841811126E-5	1.2201876046E-6	2.504606312E-6
94	7.910923931E-7	4.5270194998E-5	2.6524137745E-5	1.2628440792E-6	2.6122719071E-6
95	8.15310294E-7	4.8611565138E-5	2.8320648472E-5	1.3069917792E-6	2.7245657263E-6
96	8.4026873047E-7	5.2196757738E-5	3.0238243462E-5	1.3526828363E-6	2.8416867236E-6
97	8.659944584E-7	5.6049140958E-5	3.2285963055E-5	1.3999712047E-6	2.9638424049E-6
98	8.9086511051E-7	6.0162782952E-5	3.4471748709E-5	1.4489127246E-6	3.0912491962E-6
99	9.1814111217E-7	6.4601274925E-5	3.6805809394E-5	1.4995651886E-6	3.224132827E-6
100	9.4625166655E-7	6.9364036808E-5	3.9297230475E-5	1.5519884095E-6	3.3627287305E-6
101	9.7522559884E-7	7.4481108215E-5	4.1957627468E-5	1.606244291E-6	3.5072824605E-6
102	1.0032332797E-6	7.9946711389E-5	4.479744414E-5	1.662396901E-6	3.6580501261E-6
103	1.0339530898E-6	8.5842307493E-5	4.7829810403E-5	1.7205125471E-6	3.8152988454E-6
104	1.0656132178E-6	9.2169069897E-5	5.1066669833E-5	1.7806598551E-6	3.9793072202E-6
105	1.0982450643E-6	9.8965750426E-5	5.452296258E-5	1.8429098496E-6	4.1503658279E-6
106	1.129785763E-6	1.062271754E-4	5.8212403258E-5	1.9073360385E-6	4.3287777372E-6
107	1.1643837668E-6	1.1405792462E-4	6.2151895099E-5	1.9740144991E-6	4.5148590436E-6
108	1.200041104E-6	1.2246186621E-4	6.6357116641E-5	2.0430239685E-6	4.7089394327E-6
109	1.23679228E-6	1.3148915311E-4	7.084730353E-5	2.1144459364E-6	4.9113627611E-6
110	1.2723119409E-6	1.4113589525E-4	7.5640442182E-5	2.188364741E-6	5.122487667E-6
111	1.3112773448E-6	1.5153662552E-4	8.0758313636E-5	2.2648676693E-6	5.342688204E-6
112	1.3514360374E-6	1.6269923128E-4	8.6221473129E-5	2.3440450595E-6	5.5723545076E-6
113	1.3928261899E-6	1.7468881316E-4	9.205470992E-5	2.4259904078E-6	5.8118934831E-6
114	1.4328270162E-6	1.8750376774E-4	9.8281585401E-5	2.5108004794E-6	6.0617295273E-6
115	1.4767107668E-6	2.0131748831E-4	1.0493019003E-4	2.5985754217E-6	6.3223052781E-6
116	1.5219386009E-6	2.1614373165E-4	1.1202744203E-4	2.6894188837E-6	6.5940824058E-6
117	1.5685529576E-6	2.3206722805E-4	1.1960531513E-4	2.7834381375E-6	6.8775424241E-6
118	1.6136005116E-6	2.4909011647E-4	1.2769464176E-4	2.8807442054E-6	7.1731875457E-6
119	1.6630230871E-6	2.6743626927E-4	1.3633167792E-4	2.9814519911E-6	7.4815415684E-6
120	1.7139595177E-6	2.8712788156E-4	1.4555163894E-4	3.085680415E-6	7.8031508133E-6
121	1.7664571625E-6	3.0827549888E-4	1.553957975E-4	3.1935525549E-6	8.1385850827E-6
122	1.8171883615E-6	3.3088708818E-4	1.6590446361E-4	3.3051957912E-6	8.4884386734E-6
123	1.8728485457E-6	3.5525216696E-4	1.7712446536E-4	3.4207419577E-6	8.8533314233E-6
124	1.9302137384E-6	3.8140491675E-4	1.8910183048E-4	3.5403274964E-6	9.2339098263E-6
125	1.9893369315E-6	4.0948987218E-4	2.0188987004E-4	3.6640936198E-6	9.6308481617E-6
126	2.0464690525E-6	4.3952377504E-4	2.1554123364E-4	3.7921864765E-6	1.0044849694E-5
