0	5E-8	5E-8	5E-8	5E-8	5E-8
1	5.2948702314E-8	5.7290822153E-8	5.7906291755E-8	5.5696254084E-8	5.7885626941E-8
2	5.6216305193E-8	6.5668699412E-8	6.7069114719E-8	6.2483633381E-8	6.7977974354E-8
3	5.9691281046E-8	7.5271708808E-8	7.7681820278E-8	7.0162434007E-8	7.998428111E-8
4	6.3382835673E-8	8.6279006552E-8	8.997383113E-8	7.8824298183E-8	9.4210267141E-8
5	6.7303603175E-8	9.889594762E-8	1.0421087275E-7	8.8581089932E-8	1.1103396949E-7
6	7.1467482866E-8	1.1335791691E-7	1.2070071779E-7	9.9560546098E-8	1.3090342369E-7
7	7.5889402666E-8	1.2993472063E-7	1.3979983941E-7	1.1190556712E-7	1.5434209166E-7
8	8.0585244481E-8	1.489356199E-7	1.6192111742E-7	1.257743248E-7	1.8195626101E-7
9	8.5571881755E-8	1.7071510038E-7	1.8754276384E-7	1.4134071013E-7	2.1444344757E-7
10	9.0867294877E-8	1.9567948566E-7	2.1721866072E-7	1.5879560059E-7	2.5260357209E-7
11	9.6490584249E-8	2.2429451771E-7	2.5159033385E-7	1.7835060918E-7	2.9650974129E-7
12	1.0246201472E-7	2.5709404594E-7	2.9140082106E-7	2.0037288071E-7	3.4776571112E-7
13	1.0880311492E-7	2.9468998676E-7	3.3751073508E-7	2.2517520564E-7	4.0754557801E-7
14	1.1553675832E-7	3.3778373973E-7	3.9091686797E-7	2.5311710574E-7	4.7726193326E-7
15	1.2268724093E-7	3.8717927296E-7	4.5277373956E-7	2.8460325301E-7	5.585467004E-7
16	1.3028034138E-7	4.4379812221E-7	5.2441855552E-7	3.200915006E-7	6.5330426676E-7
17	1.3834344136E-7	5.086965833E-7	6.0740011477E-7	3.6004515296E-7	7.6375189724E-7
18	1.4690563498E-7	5.8308541857E-7	7.0351229096E-7	4.0500772022E-7	8.9259221906E-7
19	1.5599780695E-7	6.6835244525E-7	8.14832812E-7	4.5564483389E-7	1.042931215E-6
20	1.6565275657E-7	7.6608842691E-7	9.437681758E-7	5.1265777224E-7	1.218275434E-6
21	1.7590531157E-7	8.7811675111E-7	1.0931056734E-6	5.7689105453E-7	1.4228236508E-6
22	1.8679245915E-7	1.0065274471E-6	1.2660736437E-6	6.492488712E-7	1.6613554394E-6
23	1.9835347871E-7	1.1537161777E-6	1.466411263E-6	7.3080599239E-7	1.9395525107E-6
24	2.1063007039E-7	1.3224289337E-6	1.6984493778E-6	8.2272798213E-7	2.263921844E-6
25	2.2366651817E-7	1.5158132636E-6	1.9672041272E-6	9.2638642838E-7	2.6421572667E-6
26	2.3750986469E-7	1.7374769951E-6	2.2784853811E-6	1.0432840936E-6	3.0831094391E-6
27	2.5221003E-7	1.9915555437E-6	2.6390223363E-6	1.175175787E-6	3.5972019896E-6
28	2.6782005455E-7	2.2827890639E-6	3.0566089862E-6	1.3239999671E-6	4.1964650232E-6
29	2.8439625089E-7	2.6166108831E-6	3.5402726098E-6	1.4920069893E-6	4.8950252082E-6
30	3.0199841876E-7	2.9992488666E-6	4.1004689208E-6	1.6816991507E-6	5.7092253939E-6
31	3.2069006067E-7	3.4378416067E-6	4.7493080963E-6	1.895968597E-6	6.6582149414E-6
32	3.4053860398E-7	3.9405716021E-6	5.5008165715E-6	2.1380484269E-6	7.7641860497E-6
33	3.6161565082E-7	4.5168179122E-6	6.3712402599E-6	2.4116632651E-6	9.0530999563E-6
34	3.8399726986E-7	5.1773311354E-6	7.3793957525E-6	2.7207111488E-6	1.0555081435E-5
35	4.0776414327E-7	5.9344339755E-6	8.5470770902E-6	3.0695357739E-6	1.2305955371E-5
36	4.3300203971E-7	6.8022511365E-6	9.8995269018E-6	3.4632606642E-6	1.4347650931E-5
37	4.5980200512E-7	7.7969728369E-6	1.1465982092E-5	3.907660836E-6	1.6728611408E-5
38	4.8826072148E-7	8.9371568586E-6	1.3280305877E-5	4.4092539221E-6	1.950538539E-5
39	5.1848085568E-7	1.0244074765E-5	1.5381719832E-5	4.975395555E-6	2.2743965422E-5
40	5.5057142594E-7	1.1742108748E-5	1.7815651769E-5	5.6143872088E-6	2.6521366857E-5
41	5.8464819881E-7	1.3459206512E-5	2.0634717787E-5	6.3355979009E-6	3.0927470202E-5
42	6.2083419174E-7	1.5427402664E-5	2.389985971E-5	7.1496015391E-6	3.6067171421E-5
43	6.5925978426E-7	1.768341637E-5	2.7681662511E-5	8.0683319276E-6	4.2062891633E-5
44	7.0006367645E-7	2.0269336392E-5	3.20618802E-5	9.1052577021E-6	4.9057506235E-5
45	7.4339306921E-7	2.3233406302E-5	3.7135203156E-5	1.0275579761E-5	5.7217763441E-5
46	7.8940427465E-7	2.6630924533E-5	4.3011305119E-5	1.1596454083E-5	6.6738274019E-5
47	8.3826328005E-7	3.0525276024E-5	4.9817214093E-5	1.3087243196E-5	7.7846167511E-5
48	8.9014634454E-7	3.4989114768E-5	5.770005838E-5	1.4769799996E-5	9.0806526196E-5
49	9.45240637E-7	4.0105719246E-5	6.6830247171E-5	1.6668788056E-5	1.0592872658E-4
