0	5E-8	5E-8	5E-8	5E-8	5E-8
1	5.6791232473E-8	5.7879114668E-8	5.2878277934E-8	5.4370953391E-8	6.6653236832E-8
2	6.4689561803E-8	6.6999938874E-8	5.643834717E-8	5.9894879674E-8	8.9279221299E-8
3	7.3801604123E-8	7.7565230726E-8	6.032053332E-8	6.6137649644E-8	1.196067453E-7
4	8.4258083013E-8	8.9796574723E-8	6.4533094317E-8	7.3173088541E-8	1.6024962629E-7
5	9.6245325604E-8	1.0395669241E-7	6.9099756239E-8	8.1095835004E-8	2.1471318511E-7
6	1.0996114099E-7	1.2034973415E-7	7.4046619491E-8	9.0013299866E-8	2.8769620622E-7
7	1.2565647861E-7	1.3932781215E-7	7.9400653836E-8	1.0004315041E-7	3.854951806E-7
8	1.4359105542E-7	1.6129856351E-7	8.5189350333E-8	1.1131305111E-7	5.1654803358E-7
9	1.640887548E-7	1.8673390609E-7	9.1441092567E-8	1.2396211295E-7	6.9216158104E-7
10	1.8747489618E-7	2.1618017498E-7	9.8185842354E-8	1.3814339456E-7	9.2748728191E-7
11	2.1416352056E-7	2.5026985743E-7	1.0545586409E-7	1.5402692386E-7	1.2428276551E-6
12	2.4430401015E-7	2.8973517828E-7	1.1328629475E-7	1.7180275545E-7	1.6653872773E-6
13	2.7868532413E-7	3.3542382767E-7	1.2171554786E-7	1.9168396874E-7	2.2316152503E-6
14	3.1773285653E-7	3.8831716892E-7	1.3078556593E-7	2.1390956575E-7	2.989724642E-6
15	3.6228620554E-7	4.4955131757E-7	1.4054203426E-7	2.3874755009E-7	4.0037465857E-6
16	4.1288872859E-7	5.2044154444E-7	1.5103455336E-7	2.6649816435E-7	5.3612510819E-6
17	4.7060044746E-7	6.0251052678E-7	1.6231682851E-7	2.9749747673E-7	7.1785055323E-6
18	5.3615064942E-7	6.9752105445E-7	1.7444689761E-7	3.3212142801E-7	9.6111307807E-6
19	6.1087995252E-7	8.0751389351E-7	1.8748738263E-7	3.7079033743E-7	1.2867407656E-5
20	6.957622369E-7	9.3485162058E-7	2.015057747E-7	4.1397395477E-7	1.7226098679E-5
21	7.9249588683E-7	1.0822693695E-6	2.1657475483E-7	4.6219712871E-7	2.3060289672E-5
22	9.0237571919E-7	1.2529335802E-6	2.3277254888E-7	5.1604615443E-7	3.0869309223E-5
23	1.0275568756E-6	1.4505100119E-6	2.5018331746E-7	5.7617587887E-7	4.1321427318E-5
24	1.1697544126E-6	1.6792424811E-6	2.6889758095E-7	6.4331764624E-7	5.5311016483E-5
25	1.3317072671E-6	1.9440440162E-6	2.890126811E-7	7.1828818018E-7	7.3962835572E-5
26	1.5156798167E-6	2.2506023861E-6	3.1063328152E-7	8.0199951405E-7	9.8784293533E-5
27	1.7251579071E-6	2.6055022695E-6	3.3387190495E-7	8.9547006822E-7	1.3188715907E-4
28	1.9631229139E-6	3.0163666897E-6	3.5884951474E-7	9.9983703236E-7	1.7606136066E-4
29	2.2340171307E-6	3.4920207515E-6	3.8569614321E-7	1.116370205E-6	2.3496762542E-4
30	2.5417566011E-6	4.0426811986E-6	4.1455156635E-7	1.2464874408E-6	3.1355380382E-4
31	2.8920093751E-6	4.6801758613E-6	4.4556602934E-7	1.3917718965E-6	4.1834013554E-4
32	3.2899085666E-6	5.4181977082E-6	4.7890102744E-7	1.5539912922E-6	5.581062584E-4
33	3.7426942596E-6	6.2725989594E-6	5.1473014571E-7	1.7351194173E-6	7.4445842311E-4
34	4.2570828268E-6	7.2617315729E-6	5.5323996198E-7	1.9373601451E-6	9.9298177743E-4
35	4.8423318115E-6	8.4068414158E-6	5.9463101777E-7	2.1631742473E-6	1.3243264902E-3
36	5.5072154494E-6	9.7325245663E-6	6.3911886199E-7	2.4153093341E-6	1.7661665876E-3
37	6.2635819076E-6	1.1267255473E-5	6.8693517306E-7	2.6968332855E-6	2.3552310905E-3
38	7.1228781304E-6	1.304399781E-5	7.38328965E-7	3.011171579E-6	3.1406695257E-3
