0	5E-8	5E-8	5E-8	5E-8	5E-8
1	5.9127226202E-8	5.2134079496E-8	5.4582727877E-8	5.6883651503E-8	6.3823912834E-8
2	7.0257559416E-8	5.4616961921E-8	5.9585483649E-8	6.595528311E-8	8.2443145294E-8
3	8.3610348574E-8	5.7261719997E-8	6.5046764788E-8	7.6800207723E-8	1.0668801152E-7
4	9.9566339403E-8	6.0068282923E-8	7.1008597233E-8	8.9617364418E-8	1.3818577977E-7
5	1.1861486795E-7	6.304412112E-8	7.7516858793E-8	1.047114816E-7	1.7908061033E-7
6	1.4134747632E-7	6.6199542128E-8	8.4621632185E-8	1.2245571204E-7	2.3215886147E-7
7	1.6847310354E-7	6.9546293534E-8	9.237759044E-8	1.4329440717E-7	3.0103675895E-7
8	2.0089066008E-7	7.3096943434E-8	1.0084441762E-7	1.6779789488E-7	3.9038385708E-7
9	2.3956528326E-7	7.6864521056E-8	1.1008726809E-7	1.9648059985E-7	5.056927768E-7
10	2.8573177587E-7	8.0903935455E-8	1.2017726793E-7	2.301104054E-7	6.5363297168E-7
11	3.4081426864E-7	8.5176771002E-8	1.3119206224E-7	2.6970201879E-7	8.4445442053E-7
12	4.0653851947E-7	8.9699110459E-8	1.4321641265E-7	3.1630447328E-7	1.0903701945E-6
13	4.8496456975E-7	9.4486467597E-8	1.5634284958E-7	3.7117507346E-7	1.407199335E-6
14	5.7855115638E-7	9.9553931794E-8	1.7067238427E-7	4.3579269258E-7	1.8151583456E-6
15	6.9023250797E-7	1.0491643889E-7	1.8631528611E-7	5.1190543292E-7	2.3388171669E-6
16	8.2356657874E-7	1.1058908066E-7	2.033919312E-7	6.016163571E-7	3.0121215908E-6
17	9.8267527337E-7	1.1658740163E-7	2.2203372862E-7	7.072767748E-7	3.8775450612E-6
18	1.1725736983E-6	1.2293509093E-7	2.4238413173E-7	8.317652359E-7	4.9898386991E-6
19	1.3991826959E-6	1.2963998814E-7	2.6459974202E-7	9.7840165978E-7	6.4077298088E-6
20	1.6696014437E-6	1.3672089016E-7	2.8885151421E-7	1.1511303176E-6	8.2196587848E-6
21	1.9923014812E-6	1.4419758946E-7	3.1532607182E-7	1.3545963901E-6	1.0538375164E-5
22	2.3773919018E-6	1.5209099668E-7	3.4422714325E-7	1.5942706204E-6	1.3505280359E-5
23	2.8369358797E-6	1.6042324025E-7	3.7577712954E-7	1.8765986079E-6	1.7301257174E-5
24	3.3853513891E-6	1.6921775032E-7	4.1021881577E-7	2.2091875521E-6	2.2156621321E-5
25	4.0397927331E-6	1.7849933406E-7	4.478172394E-7	2.6009515547E-6	2.8366319127E-5
26	4.8203772693E-6	1.8829506917E-7	4.8886172976E-7	3.0624318664E-6	3.6296065071E-5
27	5.7522673874E-6	1.9863171964E-7	5.3366813449E-7	3.6060168374E-6	4.6460091277E-5
28	6.8643211355E-6	2.0953871499E-7	5.8258125011E-7	4.246311907E-6	5.9438384564E-5
29	8.1913704478E-6	2.2104714085E-7	6.3597747526E-7	5.0005205693E-6	7.6033051055E-5
30	9.7749812523E-6	2.3318982736E-7	6.9426770718E-7	5.8889060848E-6	9.7241600371E-5
31	1.1664755359E-5	2.4600144155E-7	7.5790050366E-7	6.9353367024E-6	1.2435349819E-4
32	1.391989324E-5	2.5951858468E-7	8.2736553473E-7	8.167931983E-6	1.5899864437E-4
33	1.6609218959E-5	2.7377989493E-7	9.0319735075E-7	9.6197967566E-6	2.0325718861E-4
