0	5E-8	5E-8	5E-8	5E-8	5E-8
1	5.1092197323E-8	5.337520644E-8	5.174794738E-8	5.3321566522E-8	5.5519936929E-8
2	5.2263071488E-8	5.6986025769E-8	5.3557001161E-8	5.6877982453E-8	6.1649267931E-8
3	5.3404703223E-8	6.0832817792E-8	5.5429297558E-8	6.0656471797E-8	6.8455269344E-8
4	5.4642271154E-8	6.4949590236E-8	5.7367047467E-8	6.4704402805E-8	7.6012644728E-8
5	5.5897528172E-8	6.9343291947E-8	5.9372539073E-8	6.9019803856E-8	8.4404344821E-8
6	5.7298103529E-8	7.4048818994E-8	6.1448140555E-8	7.3625864774E-8	9.3722478018E-8
7	5.8736676139E-8	7.9073655728E-8	6.3596302881E-8	7.853931279E-8	1.0406932137E-7
8	6.0216089042E-8	8.4439470001E-8	6.5819562701E-8	8.378066149E-8	1.1555844317E-7
9	6.174017857E-8	9.0169400017E-8	6.8120545345E-8	8.9371793441E-8	1.2831594952E-7
10	6.3301231915E-8	9.6288154097E-8	7.050196792E-8	9.5336051551E-8	1.4248186848E-7
11	6.4900923488E-8	1.0282211723E-7	7.2966642522E-8	1.0169833653E-7	1.5821168703E-7
12	6.6544715555E-8	1.0979946486E-7	7.5517479554E-8	1.0848521083E-7	1.756780577E-7
13	6.8227808248E-8	1.1725028435E-7	7.8157491165E-8	1.1572500958E-7	1.9507269365E-7
