0	5E-8	5E-8	5E-8	5E-8	5E-8
1	5.3650492603E-8	5.2169614495E-8	5.2238650215E-8	5.4693869513E-8	5.4734265531E-8
2	5.7975722404E-8	5.4437473783E-8	5.4578472905E-8	6.0758971342E-8	6.0203060348E-8
3	6.2718891696E-8	5.6803918919E-8	5.7023098652E-8	6.7659217252E-8	6.6264902967E-8
4	6.7890672929E-8	5.9273235519E-8	5.9577221692E-8	7.5443828847E-8	7.2974988402E-8
5	7.3517245593E-8	6.1849895495E-8	6.224574652E-8	8.4196627333E-8	8.0372041204E-8
6	7.9545011993E-8	6.453856516E-8	6.5033797312E-8	9.378542751E-8	8.8533100072E-8
7	8.6113999404E-8	6.7344113673E-8	6.7946727756E-8	1.0459628478E-7	9.753641567E-8
8	9.3099952361E-8	7.0271621861E-8	7.099013134E-8	1.1629438973E-7	1.0746285934E-7
9	1.0043056848E-7	7.3326391419E-8	7.4169852091E-8	1.2867193738E-7	1.1840395381E-7
10	1.0864830052E-7	7.6513954512E-8	7.7491995793E-8	1.432742812E-7	1.3046334962E-7
11	1.1761264126E-7	7.9840083791E-8	8.0962941717E-8	1.5976297748E-7	1.43753858E-7
12	1.2735570381E-7	8.3310802852E-8	8.4589354867E-8	1.7827405312E-7	1.5840242662E-7
13	1.3792733328E-7	8.693239714E-8	8.8378198779E-8	1.9900043284E-7	1.745438488E-7
14	1.4867868793E-7	9.0711425334E-8	9.2336748894E-8	2.1916818146E-7	1.9233708621E-7
15	1.6101484858E-7	9.4654731226E-8	9.6472606525E-8	2.4462700849E-7	2.1194816542E-7
16	1.728665425E-7	9.8769456113E-8	1.0079371346E-7	2.677498978E-7	2.3356192084E-7
17	1.8671408958E-7	1.0306305173E-7	1.053083672E-7	2.955885407E-7	2.5738251684E-7
18	2.0226857062E-7	1.0754329374E-7	1.1002523692E-7	3.3015709882E-7	2.8363442539E-7
19	2.1913497544E-7	1.1221829584E-7	1.1495338006E-7	3.6839546599E-7	3.1256582739E-7
20	2.3746047756E-7	1.1709652441E-7	1.2010225978E-7	4.1096235729E-7	3.444505748E-7
21	2.5483574645E-7	1.2217761074E-7	1.2548176311E-7	4.4954243085E-7	3.7958623778E-7
22	2.7634659371E-7	1.2748877953E-7	1.311022199E-7	5.0321549942E-7	4.1831410098E-7
23	2.9656720651E-7	1.330208096E-7	1.3697442272E-7	5.504560572E-7	4.6099664749E-7
24	3.1826738587E-7	1.3879288712E-7	1.4310964751E-7	6.0213143525E-7	5.0803569444E-7
25	3.4531756241E-7	1.4482633667E-7	1.4951967532E-7	6.7496135135E-7	5.5987510165E-7
26	3.7459715332E-7	1.5112206561E-7	1.5621681484E-7	7.5262304623E-7	6.1700436069E-7
27	4.0641625922E-7	1.5769147545E-7	1.632139261E-7	8.3903437264E-7	6.7996703903E-7
28	4.4099489137E-7	1.6454646334E-7	1.7052444516E-7	9.3516548282E-7	7.493545407E-7
29	4.732630182E-7	1.7168651115E-7	1.7816240985E-7	1.0229563777E-6	8.2581577776E-7
30	5.1367616695E-7	1.7914987562E-7	1.8614248681E-7	1.141102361E-6	9.1010060041E-7
31	5.5126247014E-7	1.8692359892E-7	1.9447999959E-7	1.2482260725E-6	1.0029901963E-6
32	5.9159900834E-7	1.9503464187E-7	2.0319095813E-7	1.3654062784E-6	1.105360168E-6
33	6.4228491133E-7	2.0351297021E-7	2.1229208942E-7	1.5227135417E-6	1.2181748449E-6
34	6.9735032518E-7	2.1235985898E-7	2.2180086971E-7	1.6967702456E-6	1.3424941154E-6
35	7.5719472445E-7	2.2159132983E-7	2.3173555802E-7	1.8903421916E-6	1.4795154633E-6
36	8.222299752E-7	2.3122410086E-7	2.421152312E-7	2.105584476E-6	1.6305075084E-6
37	8.8239353165E-7	2.4125744399E-7	2.5295982058E-7	2.3032512508E-6	1.7968533796E-6
38	9.5827983216E-7	2.5174511837E-7	2.6429015024E-7	2.5635564073E-6	1.9802785116E-6
39	1.0283983202E-6	2.6266891542E-7	2.7612797697E-7	2.8042163914E-6	2.1824267873E-6
40	1.1036474624E-6	2.7406672102E-7	2.884960321E-7	3.0674689066E-6	2.4051984475E-6
41	1.1986928479E-6	2.8598064365E-7	3.0141806509E-7	3.4098020641E-6	2.650673908E-6
42	1.3020307087E-6	2.9841247502E-7	3.1491888919E-7	3.7975953529E-6	2.9185290878E-6
43	1.4143525037E-6	3.1138472907E-7	3.2902442904E-7	4.2287846272E-6	3.2164100011E-6
44	1.5356221466E-6	3.2492089845E-7	3.4376177047E-7	4.7079081709E-6	3.532881975E-6
45	1.6479854657E-6	3.3901996001E-7	3.5915921254E-7	5.1498742998E-6	3.8927735513E-6
46	1.7902745367E-6	3.5375745725E-7	3.7524632181E-7	5.723866984E-6	4.290207997E-6
47	1.9212710771E-6	3.6910780305E-7	3.920539892E-7	6.2612086731E-6	4.7282158519E-6
48	2.0618527917E-6	3.8512423547E-7	4.0961448924E-7	6.8489945966E-6	5.210921109E-6
49	2.2388054703E-6	4.0186592621E-7	4.2796154207E-7	7.597111214E-6	5.7236481991E-6
50	2.4323884888E-6	4.1933539299E-7	4.4713037821E-7	8.457549574E-6	6.3079181854E-6
51	2.6427588208E-6	4.3756427286E-7	4.6715780616E-7	9.412600533E-6	6.9519161658E-6
52	2.8698787014E-6	4.5658557817E-7	4.8808228314E-7	1.0473749407E-5	7.6359548631E-6
53	3.0798711746E-6	4.7639787118E-7	5.0994398889E-7	1.145699765E-5	8.4153938009E-6
54	3.3463287158E-6	4.9710730714E-7	5.3278490285E-7	1.2720207864E-5	9.2746362034E-6
55	3.5911836076E-6	5.1867793053E-7	5.5664888475E-7	1.3914347755E-5	1.0221609888E-5
56	3.853954825E-6	5.4118455254E-7	5.8158175885E-7	1.5220590378E-5	1.1265250645E-5
57	4.1852677029E-6	5.6471032245E-7	6.0763140194E-7	1.6858950569E-5	1.237371427E-5
58	4.5476355132E-6	5.8925877818E-7	6.3484783526E-7	1.8759938509E-5	1.3636993877E-5
59	4.9414222405E-6	6.1487437676E-7	6.6328332051E-7	2.0869295623E-5	1.5029364223E-5
60	5.3665545337E-6	6.4160350778E-7	6.9299246029E-7	2.3212221455E-5	1.6508210956E-5
61	5.7592317666E-6	6.6944415086E-7	7.2403230287E-7	2.5391324141E-5	1.8174084903E-5
62	6.2579985067E-6	6.9854547752E-7	7.5646245182E-7	2.8169949566E-5	2.0029799274E-5
63	6.7159037586E-6	7.2885696235E-7	7.9034518036E-7	3.0814470787E-5	2.2074998306E-5
64	7.2073144827E-6	7.6048373153E-7	8.2574555103E-7	3.3707252731E-5	2.432900549E-5
65	7.8274511592E-6	7.9354262806E-7	8.6273154059E-7	3.7298793249E-5	2.672292332E-5
66	8.5055878168E-6	8.2803862342E-7	9.0137417055E-7	4.1487752049E-5	2.9451386754E-5
67	9.242515593E-6	8.6403418945E-7	9.417476435E-7	4.6134547823E-5	3.2458582879E-5
68	1.0038095576E-5	9.0159451364E-7	9.8392948566E-7	5.1294352107E-5	3.56524386E-5
69	1.0772595025E-5	9.4071675684E-7	1.0280006957E-6	5.6109731591E-5	3.9212508398E-5
70	1.1705988134E-5	9.8161053776E-7	1.0740459004E-6	6.2215258214E-5	4.3216487417E-5
71	1.2562529249E-5	1.0242048571E-6	1.122153517E-6	6.8055863655E-5	4.7629315675E-5
72	1.3481744482E-5	1.0686474403E-6	1.172415923E-6	7.4444769756E-5	5.2492714576E-5
73	1.4642263042E-5	1.1151024771E-6	1.2249296337E-6	8.2319440173E-5	5.765790113E-5
74	1.5911175372E-5	1.1635769533E-6	1.2797954874E-6	9.1530618E-5	6.3545162181E-5
75	1.7290088708E-5	1.2141586551E-6	1.3371188388E-6	1.0174586724E-4	7.0033725502E-5
76	1.8778742857E-5	1.266939185E-6	1.3970097618E-6	1.1308576965E-4	7.6924919494E-5
77	2.0152805708E-5	1.3219145529E-6	1.4595832605E-6	1.2370196439E-4	8.4569108223E-5
78	2.1899352254E-5	1.3793793185E-6	1.5249594902E-6	1.3710150305E-4	9.3204519586E-5
79	2.3501753667E-5	1.4392337125E-6	1.5932639882E-6	1.4997223104E-4	1.0272170403E-4
80	2.5221404598E-5	1.5016853213E-6	1.6646279143E-6	1.6405122863E-4	1.1321067123E-4
81	2.7392951581E-5	1.5669648661E-6	1.739188304E-6	1.8131207928E-4	1.2435041318E-4
82	2.976717139E-5	1.6350821613E-6	1.8170883302E-6	2.0153208088E-4	1.3702942239E-4
83	3.2347203949E-5	1.7061605642E-6	1.8984775782E-6	2.2395137464E-4	1.510215714E-4
84	3.5132561865E-5	1.7803287934E-6	1.9835123337E-6	2.4883156912E-4	1.6588184458E-4
85	3.7703251953E-5	1.8575812388E-6	2.0723558826E-6	2.7219121489E-4	1.8229076236E-4
86	4.0971166028E-5	1.938331816E-6	2.1651788246E-6	3.0156682906E-4	2.0090467298E-4
87	4.3969072764E-5	2.0224403274E-6	2.2621594005E-6	3.2987711583E-4	2.2141927276E-4
88	4.7186339178E-5	2.1101984741E-6	2.3634838349E-6	3.6084509293E-4	2.4402861267E-4
89	5.1249473242E-5	2.2019304515E-6	2.4693466951E-6	3.9865806822E-4	2.6804062225E-4
90	5.5691680342E-5	2.2976500258E-6	2.5799512625E-6	4.4297832465E-4	2.9541032223E-4
91	6.0518956108E-5	2.3975305E-6	2.6955099207E-6	4.9210702311E-4	3.255749381E-4
92	6.5730390747E-5	2.5017526651E-6	2.816244568E-6	5.4661799731E-4	3.5761091254E-4
93	7.0539949959E-5	2.6103084122E-6	2.9423870414E-6	5.9793295745E-4	3.9304897958E-4
94	7.6654268734E-5	2.7237783388E-6	3.0741795616E-6	6.6225929832E-4	4.3318350057E-4
95	8.2248805154E-5	2.812005572E-6	3.2038953594E-6	7.2443022581E-4	4.7263161585E-4
