0	5E-8	5E-8	5E-8	5E-8	5E-8
1	5.2948702314E-8	5.7290822153E-8	5.7906291755E-8	5.5696254084E-8	5.7885626941E-8
2	5.6216305193E-8	6.5668699412E-8	6.7069114719E-8	6.2483633381E-8	6.7977974354E-8
3	5.9691281046E-8	7.5271708808E-8	7.7681820278E-8	7.0162434007E-8	7.998428111E-8
4	6.3382835673E-8	8.6279006552E-8	8.997383113E-8	7.8824298183E-8	9.4210267141E-8
5	6.7303603175E-8	9.889594762E-8	1.0421087275E-7	8.8581089932E-8	1.1103396949E-7
6	7.1467482866E-8	1.1335791691E-7	1.2070071779E-7	9.9560546098E-8	1.3090342369E-7
7	7.5889402666E-8	1.2993472063E-7	1.3979983941E-7	1.1190556712E-7	1.5434209166E-7
8	8.0585244481E-8	1.489356199E-7	1.6192111742E-7	1.257743248E-7	1.8195626101E-7
9	8.5571881755E-8	1.7071510038E-7	1.8754276384E-7	1.4134071013E-7	2.1444344757E-7
10	9.0867294877E-8	1.9567948566E-7	2.1721866072E-7	1.5879560059E-7	2.5260357209E-7
11	9.6490584249E-8	2.2429451771E-7	2.5159033385E-7	1.7835060918E-7	2.9650974129E-7
12	1.0246201472E-7	2.5709404594E-7	2.9140082106E-7	2.0037288071E-7	3.4776571112E-7
13	1.0880313274E-7	2.9468998676E-7	3.3751073508E-7	2.2517520564E-7	4.0754557801E-7
14	1.1553678665E-7	3.3778373973E-7	3.9091686797E-7	2.5311710567E-7	4.7726193271E-7
15	1.2268726776E-7	3.8717927296E-7	4.5277373956E-7	2.8460325298E-7	5.5854670015E-7
16	1.3028036738E-7	4.4379812221E-7	5.2441855552E-7	3.2009150066E-7	6.533042673E-7
17	1.3834346699E-7	5.086965833E-7	6.0740011477E-7	3.6004515333E-7	7.6375189852E-7
18	1.4690566317E-7	5.8308541857E-7	7.0351229096E-7	4.0500772072E-7	8.9259222072E-7
19	1.5599783829E-7	6.6835244526E-7	8.14832812E-7	4.5564483469E-7	1.0429312175E-6
20	1.6565279775E-7	7.6608842692E-7	9.437681758E-7	5.1265777324E-7	1.2182754371E-6
21	1.7590536155E-7	8.7811675113E-7	1.0931056734E-6	5.7689105584E-7	1.4228236549E-6
22	1.8679251712E-7	1.0065274471E-6	1.2660736437E-6	6.4924887293E-7	1.6613554447E-6
23	1.9835354481E-7	1.1537161777E-6	1.4664112631E-6	7.3080599465E-7	1.9395525175E-6
24	2.1063013356E-7	1.3224289337E-6	1.6984493778E-6	8.2272798502E-7	2.2639218528E-6
25	2.2366658466E-7	1.5158132636E-6	1.9672041272E-6	9.2638643222E-7	2.6421572782E-6
26	2.3750992474E-7	1.7374769952E-6	2.2784853811E-6	1.0432840981E-6	3.0831094529E-6
27	2.5221009379E-7	1.9915555438E-6	2.6390223362E-6	1.1751757928E-6	3.5972020073E-6
28	2.6782012581E-7	2.282789064E-6	3.0566089862E-6	1.3239999737E-6	4.1964650438E-6
29	2.8439632939E-7	2.6166108832E-6	3.5402726099E-6	1.4920069973E-6	4.8950252338E-6
30	3.0199850435E-7	2.9992488667E-6	4.1004689208E-6	1.6816991598E-6	5.7092254238E-6
31	3.2069017134E-7	3.4378416069E-6	4.7493080963E-6	1.895968608E-6	6.6582149779E-6
32	3.4053871755E-7	3.9405716022E-6	5.5008165715E-6	2.1380484391E-6	7.764186092E-6
33	3.6161577092E-7	4.5168179122E-6	6.3712402599E-6	2.4116632804E-6	9.0531000087E-6
34	3.839973663E-7	5.1773311355E-6	7.3793957524E-6	2.7207111661E-6	1.0555081496E-5
35	4.0776424763E-7	5.9344339757E-6	8.5470770903E-6	3.0695357933E-6	1.2305955445E-5
36	4.3300215174E-7	6.8022511368E-6	9.899526902E-6	3.4632606862E-6	1.4347651019E-5
37	4.598021255E-7	7.7969728375E-6	1.1465982092E-5	3.9076608607E-6	1.6728611513E-5
38	4.8826090139E-7	8.9371568585E-6	1.3280305878E-5	4.40925395E-6	1.9505385514E-5
39	5.1848104425E-7	1.0244074764E-5	1.5381719832E-5	4.9753955867E-6	2.2743965566E-5
40	5.5057162411E-7	1.1742108748E-5	1.7815651769E-5	5.6143872447E-6	2.6521367028E-5
41	5.8464840902E-7	1.345920651E-5	2.0634717787E-5	6.3355979417E-6	3.0927470404E-5
42	6.2083433128E-7	1.5427402663E-5	2.3899859709E-5	7.1496015852E-6	3.606717166E-5
43	6.5925993357E-7	1.7683416371E-5	2.7681662512E-5	8.0683319791E-6	4.2062891918E-5
44	7.0006383574E-7	2.0269336394E-5	3.2061880202E-5	9.1052577602E-6	4.9057506567E-5
45	7.4339323917E-7	2.3233406307E-5	3.7135203159E-5	1.0275579826E-5	5.7217763829E-5
