0	5E-8	5E-8	5E-8	5E-8	5E-8
1	5.2271326256E-8	5.2475685513E-8	5.4735244037E-8	6.1595971936E-8	6.2092468258E-8
2	5.465084962E-8	5.534239408E-8	6.0202672956E-8	7.6495483667E-8	7.7293651219E-8
3	5.7138694922E-8	5.8456455205E-8	6.6260100404E-8	9.5112876149E-8	9.630202831E-8
4	5.9739793254E-8	6.1793665338E-8	7.2975534601E-8	1.184142953E-7	1.2002202217E-7
5	6.245930018E-8	6.5363160136E-8	8.0427791802E-8	1.4762284477E-7	1.4958193533E-7
6	6.5302605959E-8	6.9171807437E-8	8.870561881E-8	1.8428713274E-7	1.8676820738E-7
7	6.8275346229E-8	7.3230773026E-8	9.7903259219E-8	2.3036234233E-7	2.3320263211E-7
8	7.1383413178E-8	7.7552502455E-8	1.08128306E-7	2.881473028E-7	2.9117249942E-7
9	7.4632967218E-8	8.215144454E-8	1.1949789803E-7	3.6041784714E-7	3.6356751827E-7
10	7.80304492E-8	8.7043685027E-8	1.32140892E-7	4.5080205517E-7	4.5394693395E-7
11	8.1582593181E-8	9.224655795E-8	1.4619927954E-7	5.6383837037E-7	5.6678605865E-7
12	8.5296439766E-8	9.7778620747E-8	1.6179244415E-7	7.0519991745E-7	7.0484901158E-7
13	8.9179350068E-8	1.0365966595E-7	1.7916515007E-7	8.8206609597E-7	8.7998980845E-7
14	9.3239020296E-8	1.0991075E-7	1.9846982063E-7	1.1030896473E-6	1.0989463734E-6
15	9.7483497011E-8	1.1655426195E-7	2.1992028576E-7	1.3794526116E-6	1.3723864393E-6
16	1.0192119307E-7	1.2361398055E-7	2.437505313E-7	1.7250188858E-6	1.7138542069E-6
17	1.0656090432E-7	1.3111515243E-7	2.702197007E-7	2.1571098371E-6	2.1402946373E-6
18	1.1141182698E-7	1.3908457904E-7	2.9961516986E-7	2.6973791186E-6	2.672819559E-6
19	1.1648357596E-7	1.47550712E-7	3.3225575955E-7	3.3728992105E-6	3.3378123306E-6
20	1.2178620381E-7	1.5654375598E-7	3.6840760825E-7	4.2175133176E-6	4.1509028052E-6
21	1.2733022073E-7	1.6609577894E-7	4.086300667E-7	5.2740572859E-6	5.1769910532E-6
22	1.3312661536E-7	1.7624082577E-7	4.5327745337E-7	6.5942823673E-6	6.4652967848E-6
23	1.3918687659E-7	1.8701505068E-7	5.0283407259E-7	8.2444269485E-6	8.0742042769E-6
24	1.4552301627E-7	1.984568444E-7	5.5783697899E-7	1.0307333936E-5	1.0083482803E-5
25	1.5214759311E-7	2.1060598104E-7	6.1888173047E-7	1.2886212429E-5	1.2592784972E-5
26	1.5907373749E-7	2.2350560503E-7	6.8662929369E-7	1.6110068099E-5	1.5726510903E-5
27	1.6631517752E-7	2.3720161893E-7	7.61813211E-7	2.0140152446E-5	1.9640036129E-5
28	1.7388626628E-7	2.5174276191E-7	8.4504490062E-7	2.5178016582E-5	2.442438028E-5
29	1.818020102E-7	2.6718078422E-7	9.3761130681E-7	3.1478722232E-5	3.0446256656E-5
30	1.9007809887E-7	2.8357063067E-7	1.0403311809E-6	3.9350892846E-5	3.8023059544E-5
31	1.9873093608E-7	3.0097064004E-7	1.1543169947E-6	4.9187571243E-5	4.7485416565E-5
32	2.077776724E-7	3.1944275125E-7	1.2808032559E-6	6.1482365646E-5	5.9302550291E-5
33	2.172362391E-7	3.3905272415E-7	1.4211595895E-6	7.6849359361E-5	7.4060485093E-5
34	2.2712538374E-7	3.5987037397E-7	1.5769058219E-6	9.6056001534E-5	9.2491032675E-5
35	2.3746470734E-7	3.819698192E-7	1.7497284386E-6	1.2006140363E-4	1.1550814085E-4
36	2.4827470317E-7	4.0542974648E-7	1.9410327011E-6	1.500641894E-4	1.4364614064E-4
37	2.5957679744E-7	4.3033368956E-7	2.1537765764E-6	1.8758080379E-4	1.7907918366E-4
38	2.713933917E-7	4.5677032712E-7	2.3898433175E-6	2.344459053E-4	2.2364469539E-4
39	2.8374790731E-7	4.8483379871E-7	2.6517892931E-6	2.9299714327E-4	2.7930074797E-4
40	2.9666483181E-7	5.1462403929E-7	2.9424511153E-6	3.6616745221E-4	3.4880730895E-4
41	3.1016976747E-7	5.4624713476E-7	3.2649762638E-6	4.5760606747E-4	4.3561121842E-4
42	3.2428948206E-7	5.7981570309E-7	3.6228572617E-6	5.7187295293E-4	5.4401704596E-4
43	3.3905196188E-7	6.1544928117E-7	4.0199694957E-6	7.1466604586E-4	6.794005957E-4
44	3.5448646722E-7	6.5327476013E-7	4.4595419503E-6	8.9310518635E-4	8.449037127E-4
45	3.7062359039E-7	6.9342681138E-7	4.9483713535E-6	1.1161957895E-3	1.0535467471E-3
