0	5E-8	5E-8	5E-8	5E-8	5E-8
1	5.6791232431E-8	5.7879114511E-8	5.2878277742E-8	5.4370953286E-8	6.6653236794E-8
2	6.4689561714E-8	6.7006133654E-8	5.6445374881E-8	5.9894879446E-8	8.9268528667E-8
3	7.3801581271E-8	7.7572402156E-8	6.0328052195E-8	6.613766659E-8	1.19594838E-7
4	8.4258057059E-8	8.980487678E-8	6.4541131454E-8	7.3173092399E-8	1.6023501074E-7
5	9.6245311101E-8	1.0396630334E-7	6.9108350587E-8	8.1095813001E-8	2.1469922704E-7
6	1.0996115215E-7	1.2036086032E-7	7.4055813395E-8	9.0013238246E-8	2.8768258842E-7
7	1.2565653222E-7	1.3934069243E-7	7.9410497913E-8	1.000430462E-7	3.8548585625E-7
8	1.4359117452E-7	1.6131347446E-7	8.5199899363E-8	1.1131290299E-7	5.1654473322E-7
9	1.6408896784E-7	1.8675116786E-7	9.1452406287E-8	1.2396192342E-7	6.9217152734E-7
10	1.8747524574E-7	2.1620015819E-7	9.8197983822E-8	1.3814316539E-7	9.2751702273E-7
11	2.141640551E-7	2.5029299114E-7	1.0546890025E-7	1.5402665684E-7	1.2428932926E-6
12	2.4430492827E-7	2.8976195917E-7	1.1330029624E-7	1.718024507E-7	1.6655086182E-6
13	2.7868650366E-7	3.3545483076E-7	1.2173058974E-7	1.9168362538E-7	2.2318361568E-6
14	3.1773433095E-7	3.8835305987E-7	1.3080172797E-7	2.1390918142E-7	2.9907333626E-6
15	3.6228803809E-7	4.4959286699E-7	1.4055939834E-7	2.3874711037E-7	4.0076921573E-6
16	4.1289096565E-7	5.2048964441E-7	1.5105320563E-7	2.6649764665E-7	5.37019235E-6
17	4.7060317077E-7	6.0256621005E-7	1.6233686737E-7	2.9749687623E-7	7.1928349784E-6
18	5.361539224E-7	6.9758551658E-7	1.7446843358E-7	3.3212075796E-7	9.6302946785E-6
19	6.1088388075E-7	8.0758851856E-7	1.8751053374E-7	3.7078961189E-7	1.289600591E-5
20	6.9576690632E-7	9.349380108E-7	2.0153066305E-7	4.139731723E-7	1.7264353867E-5
21	7.9250143416E-7	1.0823693797E-6	2.1660151167E-7	4.6219628834E-7	2.3115166252E-5
22	9.0238226023E-7	1.2530493577E-6	2.3280131349E-7	5.1604524791E-7	3.0942717919E-5
23	1.0275645871E-6	1.4506440426E-6	2.5021423975E-7	5.7617489794E-7	4.1424240207E-5
24	1.1697634496E-6	1.6793976427E-6	2.6893082143E-7	6.4331657881E-7	5.5448501887E-5
25	1.3317178578E-6	1.9442236401E-6	2.8904841249E-7	7.1828701364E-7	7.4075439993E-5
26	1.5156921678E-6	2.2508103289E-6	3.1067169046E-7	8.0199823919E-7	9.8908470398E-5
27	1.7251723136E-6	2.605742996E-6	3.3391319033E-7	8.9546866605E-7	1.3205988769E-4
28	1.9631396497E-6	3.0166453683E-6	3.5889389039E-7	9.9983548133E-7	1.7625740556E-4
29	2.2340365768E-6	3.4923433658E-6	3.8574383953E-7	1.1163684841E-6	2.3524291437E-4
30	2.54177912E-6	4.0430546753E-6	4.1460283101E-7	1.2464855262E-6	3.1387566691E-4
31	2.8920354586E-6	4.680608219E-6	4.4562112882E-7	1.3917697633E-6	4.1878669674E-4
32	3.2899386923E-6	5.4186982301E-6	4.7896024818E-7	1.5539889123E-6	5.5864208315E-4
33	3.7427290629E-6	6.2731783918E-6	5.1479379572E-7	1.7351167603E-6	7.4519466107E-4
34	4.2571229357E-6	7.2624023566E-6	5.5330837231E-7	1.9373571763E-6	9.938848512E-4
35	4.8423780463E-6	8.4076179527E-6	5.9470454431E-7	2.1631709288E-6	1.3255578812E-3
36	5.5072686338E-6	9.7334235285E-6	6.3919788723E-7	2.4153056218E-6	1.7677048179E-3
37	6.2636431011E-6	1.126829616E-5	6.8702010817E-7	2.6968291319E-6	2.3573161964E-3
38	7.1229484108E-6	1.3045202557E-5	7.3842025187E-7	3.0111669256E-6	3.1433129711E-3
