0	5E-8	5E-8	5E-8	5E-8	5E-8
1	5.2271326256E-8	5.2475685513E-8	5.4735244037E-8	6.1595971936E-8	6.2092468258E-8
2	5.465084962E-8	5.534239408E-8	6.0202672956E-8	7.6495483667E-8	7.7293651219E-8
3	5.7138694922E-8	5.8456455205E-8	6.6260100404E-8	9.5112876149E-8	9.630202831E-8
4	5.9739793254E-8	6.1793665338E-8	7.2975534601E-8	1.184142953E-7	1.2002202217E-7
5	6.245930018E-8	6.5363160136E-8	8.0427791802E-8	1.4762284477E-7	1.4958193533E-7
6	6.5302605959E-8	6.9171807437E-8	8.870561881E-8	1.8428713274E-7	1.8676820738E-7
7	6.8275346229E-8	7.3230773026E-8	9.7903259219E-8	2.3036234233E-7	2.3320263211E-7
8	7.1383413178E-8	7.7552502455E-8	1.08128306E-7	2.881473028E-7	2.9117249942E-7
9	7.4632967218E-8	8.215144454E-8	1.1949789803E-7	3.6041784714E-7	3.6356751827E-7
10	7.80304492E-8	8.7043685027E-8	1.32140892E-7	4.5080205517E-7	4.5394251584E-7
11	8.1582593181E-8	9.224655795E-8	1.4619928479E-7	5.6383850509E-7	5.6674024308E-7
12	8.5296439766E-8	9.7778620747E-8	1.6182953158E-7	7.0520120911E-7	7.0756069558E-7
13	8.9179350068E-8	1.0365966595E-7	1.7920424635E-7	8.8198218721E-7	8.8088764943E-7
14	9.3239020296E-8	1.0991075696E-7	1.9851557324E-7	1.1031254396E-6	1.1000653878E-6
15	9.7483497011E-8	1.1655428112E-7	2.1997126179E-7	1.3795177242E-6	1.3737815783E-6
16	1.0192119307E-7	1.2361401643E-7	2.4380728844E-7	1.7251252824E-6	1.7155917652E-6
17	1.0656090432E-7	1.3111520866E-7	2.7028285788E-7	2.1572736092E-6	2.1424631101E-6
18	1.1141182698E-7	1.3908465857E-7	2.9968541245E-7	2.6976214628E-6	2.675520184E-6
19	1.1648357596E-7	1.4755081725E-7	3.3233385038E-7	3.3732485872E-6	3.3411302274E-6
20	1.2178620381E-7	1.5654388897E-7	3.6849439998E-7	4.2180084097E-6	4.1550242023E-6
21	1.2733022073E-7	1.6609594135E-7	4.0872648968E-7	5.2747452967E-6	5.1886747937E-6
22	1.3312661536E-7	1.762410191E-7	4.5338426098E-7	6.5950267902E-6	6.4798862502E-6
23	1.3918687659E-7	1.8701527627E-7	5.0295284455E-7	8.2456167063E-6	8.0924213991E-6
24	1.4552301627E-7	1.9845710349E-7	5.5796899999E-7	1.030914015E-5	1.010622689E-5
25	1.5214759311E-7	2.1060627238E-7	6.1902842853E-7	1.288886282E-5	1.2621187284E-5
26	1.5907373749E-7	2.235059298E-7	6.8679225556E-7	1.611386394E-5	1.5761972336E-5
27	1.6631517752E-7	2.3720197839E-7	7.6199419975E-7	2.014549164E-5	1.968426617E-5
28	1.7388626628E-7	2.5174315736E-7	8.4524583523E-7	2.5185423222E-5	2.4479380268E-5
29	1.818020102E-7	2.6718121709E-7	9.3783439592E-7	3.148888592E-5	3.057091303E-5
30	1.9007809887E-7	2.8357110247E-7	1.0405786679E-6	3.9362990432E-5	3.8178735636E-5
31	1.9873093608E-7	3.0097115241E-7	1.154591808E-6	4.9205383324E-5	4.767983043E-5
32	2.077776724E-7	3.1944330595E-7	1.281108369E-6	6.150794139E-5	5.9545338114E-5
33	2.172362391E-7	3.390533231E-7	1.4214983043E-6	7.6885403355E-5	7.436369006E-5
34	2.2712538374E-7	3.5987101901E-7	1.5772818045E-6	9.610607019E-5	9.28696812E-5
35	2.3746470734E-7	3.8197051292E-7	1.7501457587E-6	1.201301596E-4	1.1598095697E-4
36	2.4827470317E-7	4.0543049099E-7	1.9414957662E-6	1.501577286E-4	1.4423413388E-4
37	2.5957679744E-7	4.3033448784E-7	2.1542904984E-6	1.8770714522E-4	1.80127763E-4
38	2.713933917E-7	4.5677118201E-7	2.3904135966E-6	2.3460568559E-4	2.2495422146E-4
39	2.8374790731E-7	4.8483471326E-7	2.6524221974E-6	2.9321844758E-4	2.8093615829E-4
40	2.9666483181E-7	5.1462501675E-7	2.943153497E-6	3.6647063819E-4	3.5084969872E-4
41	3.1016976747E-7	5.4624817865E-7	3.2657557277E-6	4.5801772945E-4	4.3816187322E-4
42	3.2428948206E-7	5.7981681337E-7	3.6237222474E-6	5.72427745E-4	5.4720244022E-4
43	3.3905196188E-7	6.1545046876E-7	4.0209293686E-6	7.1540902301E-4	6.8337864693E-4
44	3.5448646722E-7	6.5327602928E-7	4.4606068362E-6	8.9409480477E-4	8.4985085127E-4
45	3.7062359039E-7	6.934281753E-7	4.9495530255E-6	1.1175083812E-3	1.0613435431E-3
