0	5E-8	5E-8	5E-8	5E-8	5E-8
1	5.6791232431E-8	5.7879114511E-8	5.2878277742E-8	5.4370953286E-8	6.6653236794E-8
2	6.4689561714E-8	6.7006133654E-8	5.6445374881E-8	5.9894879446E-8	8.9268528667E-8
3	7.3801581271E-8	7.7572402156E-8	6.0328052195E-8	6.613766659E-8	1.19594838E-7
4	8.4258057059E-8	8.9804876779E-8	6.4541131454E-8	7.3173092399E-8	1.6023667681E-7
5	9.6235631805E-8	1.0396630334E-7	6.910834906E-8	8.1095809461E-8	2.146984414E-7
6	1.0994217948E-7	1.2036086032E-7	7.4055819466E-8	9.001325281E-8	2.8767958968E-7
7	1.2561612735E-7	1.3934069243E-7	7.9410513265E-8	1.0004308436E-7	3.8547617361E-7
8	1.435281793E-7	1.6131347446E-7	8.5199927271E-8	1.1131297492E-7	5.1652967102E-7
9	1.6400267388E-7	1.8675116786E-7	9.1452445561E-8	1.2396202841E-7	6.9214887292E-7
10	1.8736345331E-7	2.1620015819E-7	9.8198032679E-8	1.3814330092E-7	9.2748320049E-7
11	2.1395873294E-7	2.5029299114E-7	1.054689572E-7	1.5402682083E-7	1.2428420744E-6
12	2.4404542773E-7	2.8976195917E-7	1.1330036217E-7	1.7180264778E-7	1.6654320478E-6
13	2.7836640183E-7	3.3545483076E-7	1.217306637E-7	1.9168385498E-7	2.2317126703E-6
14	3.1737062862E-7	3.8835305987E-7	1.308018095E-7	2.1390944426E-7	2.990533905E-6
15	3.6176839921E-7	4.4959286698E-7	1.405594871E-7	2.3874740753E-7	4.0061099971E-6
16	4.1230054748E-7	5.204896444E-7	1.5105330576E-7	2.6649799485E-7	5.3657463246E-6
17	4.6993233263E-7	6.0256621004E-7	1.6233698007E-7	2.974972833E-7	7.1862389994E-6
18	5.3539171024E-7	6.9758551657E-7	1.7446855532E-7	3.321212147E-7	9.6214783885E-6
19	6.0987555498E-7	8.0758851853E-7	1.8751066232E-7	3.7079011301E-7	1.2882829377E-5
20	6.9462123762E-7	9.3493801076E-7	2.015307984E-7	4.1397372028E-7	1.7246737406E-5
21	7.9113475829E-7	1.0823693797E-6	2.1660165366E-7	4.6219688551E-7	2.3087919593E-5
22	9.0082943069E-7	1.2530493577E-6	2.3280146307E-7	5.1604590142E-7	3.0906303248E-5
23	1.025610237E-6	1.4506440425E-6	2.5021439741E-7	5.7617561346E-7	4.1370966452E-5
24	1.1675428988E-6	1.6793976426E-6	2.6893098819E-7	6.43317365E-7	5.5380608298E-5
25	1.3291948474E-6	1.94422364E-6	2.8904858913E-7	7.1828787868E-7	7.4116526181E-5
26	1.5128254996E-6	2.2508103288E-6	3.1067187606E-7	8.0199918338E-7	9.8963082774E-5
27	1.721661554E-6	2.6057429958E-6	3.3391338754E-7	8.9546970815E-7	1.321291372E-4
28	1.9591506911E-6	3.0166453681E-6	3.5889410121E-7	9.9983663853E-7	1.7638069719E-4
29	2.2293857382E-6	3.4923433655E-6	3.8574406548E-7	1.1163697723E-6	2.3542816494E-4
30	2.5364947924E-6	4.0430546748E-6	4.146030736E-7	1.2464869627E-6	3.1420331412E-4
31	2.8856928613E-6	4.6806082184E-6	4.4562138944E-7	1.3917713661E-6	4.1923724496E-4
32	3.2827321718E-6	5.4186982292E-6	4.7896052836E-7	1.5539907018E-6	5.592999763E-4
33	3.7345409445E-6	6.2731783905E-6	5.1479409697E-7	1.7351187581E-6	7.4608795973E-4
34	4.2478195159E-6	7.2624023547E-6	5.5330869626E-7	1.9373594069E-6	9.9507518183E-4
35	4.8313556643E-6	8.4076179496E-6	5.9470489265E-7	2.1631734179E-6	1.3271257818E-3
36	5.4947448957E-6	9.7334235228E-6	6.391982618E-7	2.4153083989E-6	1.7698900189E-3
37	6.2488916354E-6	1.1268296149E-5	6.870205109E-7	2.6968322298E-6	2.3602514742E-3
38	7.1061876509E-6	1.3045202526E-5	7.3842068487E-7	3.011170381E-6	3.1474479041E-3
