0	5E-8	5E-8	5E-8	5E-8	5E-8
1	5.6791232431E-8	5.7879114511E-8	5.2878277742E-8	5.4370953286E-8	6.6653236794E-8
2	6.4689561714E-8	6.7006133654E-8	5.6445374881E-8	5.9894879446E-8	8.9268528667E-8
3	7.3801581271E-8	7.7572402156E-8	6.0328052195E-8	6.613766659E-8	1.19594838E-7
4	8.4258057059E-8	8.9804876779E-8	6.4541131454E-8	7.3173092399E-8	1.6023667681E-7
5	9.6235631805E-8	1.0396630334E-7	6.910834906E-8	8.1095809461E-8	2.146984414E-7
6	1.0994217948E-7	1.2036086032E-7	7.4055819466E-8	9.001325281E-8	2.8767844073E-7
7	1.2551259086E-7	1.3934069243E-7	7.9410513728E-8	1.0004308551E-7	3.8547734425E-7
8	1.4332920522E-7	1.6131347446E-7	8.5199953141E-8	1.1131304156E-7	5.1653099672E-7
9	1.6369072841E-7	1.8675116786E-7	9.1452502479E-8	1.239621805E-7	6.9214607482E-7
10	1.8693686092E-7	2.1620015819E-7	9.819812086E-8	1.3814354542E-7	9.2747431814E-7
11	2.1284969063E-7	2.5029299113E-7	1.0546907323E-7	1.5402715475E-7	1.2428272003E-6
12	2.4278532326E-7	2.8976195917E-7	1.1330051848E-7	1.7180311483E-7	1.6654091839E-6
13	2.7686805823E-7	3.3545483076E-7	1.2173085192E-7	1.9168443896E-7	2.2316769225E-6
14	3.1566819677E-7	3.8835305987E-7	1.3080202538E-7	2.1391013985E-7	2.990476018E-6
15	3.591599334E-7	4.4959286698E-7	1.4055972787E-7	2.3874821326E-7	4.0071160625E-6
16	4.0933678432E-7	5.204896444E-7	1.5105356888E-7	2.664989094E-7	5.3657534981E-6
17	4.664417931E-7	6.0256621004E-7	1.6233726956E-7	2.9749832845E-7	7.1845337769E-6
18	5.3142572651E-7	6.9758551657E-7	1.7446887263E-7	3.321224047E-7	9.6192003129E-6
19	6.0447198909E-7	8.0758851854E-7	1.8751100656E-7	3.7079145404E-7	1.2880466077E-5
20	6.8848165464E-7	9.3493801078E-7	2.0153116998E-7	4.1397522396E-7	1.7243573842E-5
21	7.8405941731E-7	1.0823693797E-6	2.166020538E-7	4.6219856757E-7	2.3083683074E-5
22	8.9279036056E-7	1.2530493577E-6	2.3280189344E-7	5.1604778078E-7	3.0900620573E-5
23	1.0152793221E-6	1.4506440425E-6	2.5021486002E-7	5.7617771201E-7	4.1366858353E-5
24	1.1558048134E-6	1.6793976426E-6	2.6893148522E-7	6.4331970723E-7	5.5371832659E-5
25	1.3156383901E-6	1.9442236401E-6	2.8904912328E-7	7.1829049356E-7	7.4067047511E-5
26	1.4974225211E-6	2.2508103289E-6	3.1067245065E-7	8.0200210544E-7	9.890256941E-5
27	1.7025666325E-6	2.605742996E-6	3.3391400508E-7	8.9547297054E-7	1.3204922793E-4
28	1.9374548546E-6	3.0166453684E-6	3.5889476472E-7	9.9984027991E-7	1.7630027033E-4
29	2.204560258E-6	3.4923433659E-6	3.8574477825E-7	1.116373836E-6	2.3529457099E-4
30	2.5082878381E-6	4.0430546755E-6	4.1460383942E-7	1.2464914984E-6	3.139537875E-4
31	2.8515139022E-6	4.6806082192E-6	4.4562221239E-7	1.3917764296E-6	4.1887988052E-4
32	3.2438977018E-6	5.4186982304E-6	4.789614127E-7	1.5539963546E-6	5.5886072986E-4
33	3.690025795E-6	6.2731783922E-6	5.1479504726E-7	1.7351250686E-6	7.4547885172E-4
34	4.1972409638E-6	7.2624023571E-6	5.5330971746E-7	1.937366452E-6	9.9427971419E-4
35	4.7710430846E-6	8.4076179532E-6	5.9470599011E-7	2.1631812847E-6	1.3260664284E-3
36	5.4262171465E-6	9.7334235291E-6	6.3919944124E-7	2.4153171837E-6	1.7685395315E-3
37	6.1710297295E-6	1.126829616E-5	6.8702177843E-7	2.6968420369E-6	2.3584195759E-3
38	7.0177201845E-6	1.3045202555E-5	7.3842204712E-7	3.0111813296E-6	3.1448113227E-3
