0	5E-8	5E-8	5E-8	5E-8	5E-8
1	5.6791232431E-8	5.7879114511E-8	5.2878277742E-8	5.4370953286E-8	6.6653236794E-8
2	6.4689561714E-8	6.7006133654E-8	5.6445374881E-8	5.9894879446E-8	8.9268528667E-8
3	7.3801581271E-8	7.7572402156E-8	6.0328052195E-8	6.613766659E-8	1.19594838E-7
4	8.4258057059E-8	8.9804876779E-8	6.4541131454E-8	7.3173092399E-8	1.6023667681E-7
5	9.6235631805E-8	1.0396630334E-7	6.910834906E-8	8.1095809461E-8	2.146984414E-7
6	1.0994217948E-7	1.2036086032E-7	7.4055819466E-8	9.001325281E-8	2.8767958968E-7
7	1.2561612735E-7	1.3934069243E-7	7.9410513265E-8	1.0004308436E-7	3.8547617361E-7
8	1.435281793E-7	1.6131347446E-7	8.5199927271E-8	1.1131297492E-7	5.1652967102E-7
9	1.6400267388E-7	1.8675116786E-7	9.1452445561E-8	1.2396202841E-7	6.9214887292E-7
10	1.8736345331E-7	2.1620015819E-7	9.8198032679E-8	1.3814330092E-7	9.274838519E-7
