0	5E-8	5E-8	5E-8	5E-8	5E-8
1	5.2948702314E-8	5.7290822153E-8	5.7906291755E-8	5.5696254084E-8	5.7885626941E-8
2	5.6216305193E-8	6.5668699412E-8	6.7069114719E-8	6.2483633381E-8	6.7977974354E-8
3	5.9691281046E-8	7.5271708808E-8	7.7681820278E-8	7.0162434007E-8	7.998428111E-8
4	6.3382835673E-8	8.6279006552E-8	8.997383113E-8	7.8824298183E-8	9.4210267141E-8
5	6.7303603175E-8	9.889594762E-8	1.0421087275E-7	8.8581089932E-8	1.1103396949E-7
6	7.1467482866E-8	1.1335791691E-7	1.2070071779E-7	9.9560546098E-8	1.3090342369E-7
7	7.5889402666E-8	1.2993472063E-7	1.3979983941E-7	1.1190556712E-7	1.5434209166E-7
8	8.0585244481E-8	1.489356199E-7	1.6192111742E-7	1.257743248E-7	1.8195626101E-7
9	8.5571881755E-8	1.7071510038E-7	1.8754276384E-7	1.4134071013E-7	2.1444344757E-7
10	9.0867294877E-8	1.9567948566E-7	2.1721866072E-7	1.5879560059E-7	2.5260357209E-7
11	9.6490596464E-8	2.2429451771E-7	2.5159033385E-7	1.7835060918E-7	2.9650974129E-7
12	1.0246204275E-7	2.5709404594E-7	2.9140082106E-7	2.0037288066E-7	3.4776571074E-7
13	1.088031593E-7	2.9468998676E-7	3.3751073508E-7	2.2517520558E-7	4.0754557757E-7
14	1.155368124E-7	3.3778373973E-7	3.9091686797E-7	2.5311710572E-7	4.7726193313E-7
15	1.2268729325E-7	3.8717927296E-7	4.5277373956E-7	2.8460325312E-7	5.5854670124E-7
16	1.3028039304E-7	4.4379812221E-7	5.2441855552E-7	3.200915009E-7	6.5330426922E-7
17	1.3834349311E-7	5.086965833E-7	6.0740011477E-7	3.6004515388E-7	7.6375190136E-7
18	1.4690568748E-7	5.8308541857E-7	7.0351229096E-7	4.050077214E-7	8.9259222419E-7
19	1.5599786557E-7	6.6835244525E-7	8.14832812E-7	4.5564483577E-7	1.0429312222E-6
20	1.6565282367E-7	7.6608842691E-7	9.437681758E-7	5.1265777443E-7	1.2182754425E-6
21	1.7590538797E-7	8.7811675111E-7	1.0931056734E-6	5.768910576E-7	1.4228236621E-6
22	1.8679254267E-7	1.0065274471E-6	1.2660736437E-6	6.4924887482E-7	1.6613554529E-6
23	1.983535644E-7	1.1537161777E-6	1.4664112631E-6	7.3080599721E-7	1.939552528E-6
24	2.1063015902E-7	1.3224289337E-6	1.6984493778E-6	8.2272798788E-7	2.263921865E-6
25	2.2366661036E-7	1.5158132636E-6	1.9672041272E-6	9.2638643559E-7	2.6421572927E-6
26	2.3750996102E-7	1.7374769951E-6	2.2784853811E-6	1.043284102E-6	3.0831094701E-6
27	2.522101335E-7	1.9915555437E-6	2.6390223363E-6	1.1751757973E-6	3.5972020273E-6
28	2.6782016674E-7	2.2827890639E-6	3.0566089862E-6	1.323999979E-6	4.1964650679E-6
29	2.843963725E-7	2.6166108831E-6	3.5402726099E-6	1.4920070034E-6	4.895025262E-6
30	3.0199854904E-7	2.9992488666E-6	4.1004689208E-6	1.681699167E-6	5.7092254574E-6
31	3.2069019735E-7	3.4378416067E-6	4.7493080963E-6	1.8959686162E-6	6.6582150171E-6
32	3.4053874778E-7	3.9405716021E-6	5.5008165715E-6	2.138048449E-6	7.764186139E-6
33	3.6161580243E-7	4.5168179122E-6	6.3712402599E-6	2.4116632909E-6	9.0531000622E-6
34	3.8399742995E-7	5.1773311355E-6	7.3793957524E-6	2.720711178E-6	1.055508156E-5
35	4.0776431389E-7	5.9344339756E-6	8.5470770902E-6	3.0695358068E-6	1.2305955519E-5
36	4.330022221E-7	6.8022511364E-6	9.8995269019E-6	3.4632607014E-6	1.4347651106E-5
37	4.5980220009E-7	7.7969728367E-6	1.1465982092E-5	3.9076608779E-6	1.6728611615E-5
38	4.8826092915E-7	8.9371568582E-6	1.3280305878E-5	4.4092539695E-6	1.9505385633E-5
39	5.1848107528E-7	1.0244074764E-5	1.5381719832E-5	4.9753956086E-6	2.2743965707E-5
40	5.5057165839E-7	1.1742108748E-5	1.7815651769E-5	5.6143872693E-6	2.6521367192E-5
41	5.8464844503E-7	1.3459206513E-5	2.0634717787E-5	6.3355979692E-6	3.0927470594E-5
