0	5E-8	5E-8	5E-8	5E-8	5E-8
1	5.2271326256E-8	5.2475685513E-8	5.4735244037E-8	6.1595971936E-8	6.2092468258E-8
2	5.465084962E-8	5.534239408E-8	6.0202672956E-8	7.6495483667E-8	7.7293651219E-8
3	5.7138694922E-8	5.8456455205E-8	6.6260100404E-8	9.5112876149E-8	9.630202831E-8
4	5.9739793254E-8	6.1793665338E-8	7.2975534601E-8	1.184142953E-7	1.2002202217E-7
5	6.245930018E-8	6.5363160136E-8	8.0427791802E-8	1.4762284477E-7	1.4958193533E-7
6	6.5302605959E-8	6.9171807437E-8	8.870561881E-8	1.8428713274E-7	1.8676820738E-7
7	6.8275346229E-8	7.3230773026E-8	9.7903259219E-8	2.3036234233E-7	2.3320263211E-7
8	7.1383413178E-8	7.7552502455E-8	1.08128306E-7	2.881473028E-7	2.9117249942E-7
9	7.4632967217E-8	8.215144454E-8	1.1949789803E-7	3.6041784714E-7	3.6356249599E-7
10	7.80304492E-8	8.7043685027E-8	1.3214089954E-7	4.5080220831E-7	4.5394574298E-7
11	8.1582593181E-8	9.224655795E-8	1.4619927729E-7	5.6383828691E-7	5.6675073317E-7
12	8.5296439766E-8	9.7778620749E-8	1.6179259919E-7	7.0520081865E-7	7.0478302906E-7
13	8.9179350068E-8	1.0365966596E-7	1.7916531814E-7	8.8206704863E-7	8.798010115E-7
14	9.3239020296E-8	1.0991075003E-7	1.9847003695E-7	1.1030925255E-6	1.098684863E-6
